1 5.10074642935327915
2 12.43231467231949239
3 14.81932922029839972
4 12.91868792912464947
5 10.19461901755646949
6 21.66864798416668947
7 16.00335130705568787
8 15.50827237609664877
9 18.17728978682552565
10 20.06393019108084985
11 24.73995648918305790
12 15.92238778474470706
13 0.99177898639123896
14 12.53966670391770322
15 16.46925008755923159
16 18.41241687538713734
17 15.97864978307990214
18 5.64316655539694523
19 28.62281537941829157
20 23.80023035453249491
21 11.89871976095759010
22 16.24074401224133624
23 37.81081522537182593
24 17.19649149801724519
25 16.52125512176794686
26 14.77046168079791499
27 1.82476187908294918
28 0.02889213186381312
29 27.55284926833815007
30 15.00091236371091696
31 14.43360196475133250
32 18.80053257302308367
33 11.36044006271955453
34 25.83734052568822648
35 26.40196673672809879
36 30.18568023526427524
37 10.93739051430968345
38 62.14531072762865449
39 12.29542270810065041
40 13.41640786499873883
41 25.22431449064955444
42 20.09479309584988727
43 18.11658470146620914
44 7.07369106864896935
45 19.98740403126215170
46 22.10884853758155089
47 20.76076434696891226
48 6.14906625122701911
49 27.54685291462323704
50 22.92351472729296802
51 14.00305416711318429
52 13.97834684028293140
53 8.94427190999915922
54 29.82585719718402117
55 20.08675342597991431
56 12.80586407951780359
57 24.04419024900376201
58 3.98024398330869644
59 4.32042382271259129
60 6.09356119872001756
61 12.16429058437002908
62 25.42890609146143532
63 16.73496608226458093
64 56.91486705373360167
65 30.33476182623574857
66 41.90045183598329714
67 23.44431414129496005
68 16.96379780251295699
69 10.43494731410882537
70 4.05743666939073933
71 27.80613100145539818
72 5.79619750111162624
73 13.86974402925417849
74 11.34029224225250232
75 23.24188001324475294
76 3.85347166957880916
77 3.32015727716024855
78 14.65430476984158048
79 9.42399688252231016
80 1.58937554436877804
81 20.38881005645951205
82 22.89416238009114224
83 11.90192685323562216
84 30.67828938162594454
85 24.18490728994707695
86 35.91371586086425083
87 13.08393909961334600
88 17.92515424571674032
89 2.67993438752542446
90 7.07106781186547551
91 5.85516443361232319
92 1.13954451479478536
93 3.47740439399940726
94 22.20954096832540614
95 4.53109558490094599
96 8.32663832209407673
97 11.32813112693348501
98 4.57374226434320974
99 11.63495411031716742
100 5.96193394455888637
