1 0.10119211251466709
2 16.25364124455765591
3 4.55252445083337420
4 14.72646230145316792
5 12.46004718114612331
6 20.31482474596415955
7 16.94744271393012980
8 20.52489586397337717
9 16.68042795023305302
10 18.42402975609844873
11 32.61710121504174253
12 15.51676759443903464
13 2.09758805544973370
14 25.66141552480705457
15 16.85342685783226102
16 15.77596569473464783
17 15.32777015522985664
18 5.64316655539694523
19 30.06605407118605910
20 31.62277660168379612
21 2.92012983585279784
22 21.87166479826441901
23 28.66563683221347958
24 23.34798361673207978
25 18.32902949409647420
26 14.77046168079791499
27 0.18486144410054806
28 2.88431262785280396
29 24.18312515970039200
30 15.14395096210085967
31 17.42732563793626355
32 13.14755301258520603
33 14.49720233429443184
34 11.94439778262790242
35 40.98425946342595694
36 22.90045063194735064
37 9.83349513589705282
38 49.02019685722267184
39 16.88452332862202354
40 13.41640786499873528
41 29.15348487072897399
42 17.75442240184641207
43 18.79466356218790679
44 5.29316818838540826
45 21.99046846371738440
46 18.55051140974842383
47 25.34233277576192478
48 5.95120237393954454
49 26.10481635692830338
50 20.08864488767754253
51 14.21636938091958768
52 15.33217007848546132
53 8.94427190999916277
54 24.30127247102673493
55 26.19819578855346265
56 11.94301123453206515
57 20.59845319242944583
58 3.30553017210363009
59 5.67424706091512121
60 4.98966582030738692
61 11.25268565898289097
62 19.19166180058515181
63 9.44973647894765634
64 65.83999709203293094
65 57.86572851290353015
66 45.26010571783950809
67 20.08117517902985583
68 16.44859015674711600
69 13.35839437187729573
70 0.24796954769489332
71 3.41192658636248325
72 10.38529812163299937
73 12.34514110237008566
74 10.49040312657348295
75 14.54646153358439165
76 4.54043363547036449
77 2.82723849341496702
78 14.69083540701221580
79 17.09591599881694890
80 0.42059153340673561
81 20.60212527026590479
82 24.89722681254638559
83 11.25268565898290518
84 30.42836152183605947
85 23.93497943015719187
86 35.21077225051178061
87 13.08393909961334600
88 15.62723960063976847
89 0.02762876081746413
90 7.07106781186547551
91 6.03480455959626028
92 5.81125594170489990
93 3.93042014456199240
94 21.78188667319745875
95 5.88491882310347592
96 7.22274294368144609
97 10.95254161126963766
98 7.21019344499568504
99 10.70878516724258489
100 6.88810288763344403
