1 5.84078071246213426
2 9.66764761916703463
3 9.59862031150427697
4 14.93845246985353015
5 6.22583278728863476
6 20.45406385086302592
7 14.78876717375202432
8 17.19964061386151855
9 20.87268473585381656
10 18.42402975609844873
11 29.53244089829485119
12 17.85850699803314257
13 -2.67383847194280122
14 9.38386209206426614
15 33.81087029194358706
16 18.24728740226108314
17 7.86390482203916719
18 3.12253583221125552
19 18.45597527333049825
20 18.22605505863373310
21 14.66338681411003719
22 8.83485804902218064
23 19.98030772748529671
24 24.46068252374849550
25 7.91062988190652305
26 15.39290070133127664
27 0.11458482868407316
28 1.73728146311447063
29 28.35236285384047861
30 14.52035679074131558
31 19.80871725622309043
32 28.54440920827599726
33 17.57773507327252460
34 17.21486877352841205
35 26.77026572051253694
36 31.77972822116292662
37 7.28605604517148819
38 51.22736318311941517
39 29.43231791243172779
40 14.03884688553209692
41 25.14967857965848808
42 -3.72850537068508103
43 29.33049403703723357
44 13.59915134777467216
45 13.46338934047892977
46 24.12725338289787302
47 21.69593552360770161
48 10.07691411169617624
49 31.25662599770442540
50 17.87876857403396258
51 14.66844824763588306
52 17.71356169677228465
53 8.32183288946580113
54 21.90035493551124546
55 25.12333390608205264
56 22.03892833991260858
57 17.42286817758939321
58 3.93378057764672917
59 8.05563867920194454
60 -0.45494012653314542
61 18.03852460941888225
62 22.27632211733204315
63 9.58746142897813769
64 56.42475076346969587
65 57.45302391942990994
66 39.99036114669193864
67 27.71197119460969560
68 15.27077571307834702
69 21.25731923503960985
70 7.99171153030710180
71 6.90516391881419800
72 19.64230816624408504
73 10.02280119134967151
74 13.36005678298135990
75 14.82835417626459673
76 5.04833381732410658
77 4.49797172082901753
78 24.17028502593368344
79 12.05602187934234593
80 0.00000000000000000
81 19.73146884493138842
82 38.77610069976590523
83 12.74553458200776390
84 29.67279974183609426
85 27.93010630978273312
86 43.38427916602665846
87 19.22594750990371892
88 15.40452352253105062
89 4.06505604811691157
90 6.60471255514530853
91 6.31594148168905534
92 11.11705251452267973
93 15.51999721550930289
94 22.45779951562858656
95 6.49492785889500013
96 8.84813258563745819
97 11.97723250881423951
98 3.41922111935354200
99 7.65148070652463375
100 1.83553943814809628
