1 4.58553878358743816
2 10.41255013159059217
3 4.79531348099749977
4 14.93845246985353015
5 12.46004718114610910
6 20.31482474596415955
7 17.32044287136795191
8 20.08882214280781398
9 16.68042795023304237
10 18.42402975609844873
11 25.02603368596292199
12 10.26393712314634143
13 0.09111766745922978
14 18.98698669100227221
15 27.33445155469487986
16 16.56410050077268181
17 15.10572515669000637
18 5.58009299166919703
19 30.00298050745831091
20 25.96979704124592558
21 13.91848430168649031
22 24.13091280990923337
23 30.51715191679862471
24 21.43175110330965083
25 18.54101966249683642
26 14.77046168079791499
27 0.18486144410054806
28 0.54409977762964701
29 20.20358002925182461
30 15.14395096210084901
31 17.42732563793626355
32 15.38631883065436767
33 14.49720233429441407
34 12.01467439804439152
35 40.91398284800949625
36 30.55459172475391938
37 9.83349513589705282
38 56.80188611895671613
39 11.53759898823052765
40 13.41640786499873528
41 31.90689965494937042
42 3.39233280740791088
43 19.69387352224914878
44 5.29316818838540826
45 21.99046846371738440
46 18.55051140974842383
47 18.18733896784866744
48 1.33536147251108162
49 33.90229203990441675
50 20.08864488767754608
51 14.21636938091959124
52 15.33217007848546132
53 8.94427190999916277
54 26.64148532124990254
55 26.41018595695383908
56 12.15500140293242737
57 27.11146672607774377
58 1.29905978411312617
59 5.67424706091512121
60 4.98966582030737982
61 11.25268565898290518
62 26.78272932966397235
63 17.10387757175422507
64 55.00422121767871175
65 57.86572851290354436
66 40.77575904676675123
67 23.15260409803546793
68 16.44859015674711600
69 13.35839437187728862
70 3.66218329006360932
71 3.41192658636245483
72 5.03837378124150348
73 3.79849246008197383
74 12.92085385136471132
75 17.21015752553033451
76 12.06320034156974685
77 2.82723849341496702
78 18.67038053746077253
79 16.60544721365342014
80 0.31456756702186794
81 20.60212527026591900
82 24.96030037627413378
83 11.25268565898290518
84 30.42836152183605947
85 23.93497943015719187
86 35.43281724905163799
87 16.78700271432314395
88 15.25423944320194636
89 0.02762876081747123
90 7.07106781186547551
91 5.24273291461247481
92 5.85770011430422244
93 3.50738925071973995
94 20.85571773012287622
95 5.88491882310347592
96 7.22274294368144609
97 6.57755557587860551
98 6.42205863895765106
99 11.63495411031716742
100 5.65685424949238325
