1 0.03285403044166912
2 17.16806623878994742
3 8.81444435106115876
4 14.62043833506830026
5 6.93578243608305911
6 22.36067977499789805
7 18.90003184307037287
8 8.07999509214910461
9 17.70335546474992228
10 18.95336937715752512
11 28.98050342546514457
12 4.49258345939338710
13 0.37881359084653354
14 18.33587549515899440
15 34.74107885773750581
16 21.05565069534897304
17 16.12314153550127571
18 5.64316655539694523
19 33.17331223970357712
20 30.74362833446470589
21 7.16296819448713507
22 17.16527263865543773
23 33.08451139014772480
24 16.74200771889607609
25 18.22300552771160653
26 14.77046168079791499
27 0.71420106515962090
28 8.10023500586240175
29 22.11919617404639382
30 15.63753885555864898
31 15.38147060890252504
32 14.55604090086337266
33 12.94493519871848264
34 11.94439778262790952
35 41.02068030073974825
36 22.90045063194735064
37 9.83349513589705282
38 55.77237959928133648
39 17.79894832285431505
40 13.74686091183315995
41 24.44709271111999271
42 5.22350803240968276
43 18.69330703857224307
44 6.97378590390407282
45 20.17216956892908541
46 29.49793532092336079
47 22.14180870735089002
48 7.54194513448240400
49 25.04341321744453808
50 21.21760074521214179
51 14.63968065896092696
52 13.28631504945172281
53 8.61381886316473810
54 30.28034097630518318
55 26.13179614150193686
56 11.87661158748053936
57 20.64364654226569229
58 3.98024398330868934
59 3.62839203188138271
60 3.68935771557387682
61 14.73109537501221666
62 22.29891996910267338
63 9.44973647894765634
64 65.31065747097383678
65 55.89015009928624522
66 45.85778342097158600
67 14.92029924029971255
68 16.44859015674711600
69 11.38281595826001791
70 0.24796954769489332
71 3.83523786440382253
72 11.29972311586529088
73 12.17271748893369931
74 9.53724173554716259
75 18.51085231239747486
76 8.79642825693046504
77 3.32015727716024855
78 17.77769190718308323
79 14.66471081398637466
80 0.76905134614302995
81 21.02543654830725472
82 23.07892791775808661
83 11.02512952473746566
84 32.47421655086979797
85 25.98083445919093037
86 36.46125589927409294
87 14.10581851512757368
88 15.19116587947419106
89 2.91867962609383369
90 7.07106781186547551
91 5.23943317932483410
92 3.08771777007187609
93 4.72579152483341147
94 23.61720917818903587
95 3.83906379406973741
96 7.22274294368144609
97 8.97104385168687202
98 1.93050844438135982
99 10.91931769128474627
100 6.67757036359129330
