1 0.10119211251468840
2 16.25364124455765591
3 6.09393872972456307
4 13.56955060571002036
5 10.60648260513788443
6 22.36067977499789805
7 18.62402973466234357
8 19.78427632428616789
9 17.66821715704168483
10 18.42402975609844873
11 27.07188871499666760
12 8.28835870952904941
13 0.37881359084654775
14 22.00657566421382683
15 30.15595369445038898
16 17.38495052629414772
17 15.41027097521165956
18 4.83782482592984309
19 18.78336914889780473
20 31.62277660168378191
21 8.07739318871942658
22 18.54009527198025609
23 27.75756935522169755
24 15.79359428174205249
25 17.17211779835331242
26 14.77046168079791499
27 0.18486144410054806
28 0.54409977762966832
29 27.87576165333808831
30 16.20201678432598058
31 15.38147060890252504
32 13.14755301258522735
33 10.30724541901164315
34 11.94439778262788820
35 40.98425946342597115
36 22.31359683859604459
37 10.02363227029952952
38 53.47775132722351543
39 21.25690095187994189
40 13.41640786499873528
41 26.31608211702039313
42 8.89420820146451518
43 19.71072341738347689
44 5.29316818838540826
45 20.96754094920051514
46 18.55051140974842383
47 37.64794521256705195
48 6.25574819246119773
49 25.80027053840664308
50 20.08864488767752476
51 15.20415858772821949
52 13.28631504945172281
53 8.94427190999916277
54 29.50784306239879129
55 26.41018595695383198
56 12.15500140293242737
57 21.55807153649797669
58 0.85985685249645627
59 3.62839203188137560
60 5.29421163882904011
61 11.06039520595740555
62 24.73687430063022674
63 8.86288268559633252
64 66.42685088538425475
65 55.89015009928626654
66 45.26010571783949388
67 17.56178656010651196
68 16.44859015674710179
69 11.31253934284355012
70 0.24796954769487911
71 4.39971579317111505
72 14.75767574489091771
73 10.75821186215446090
74 11.99115491883786433
75 14.45057496395342156
76 13.12126616379486421
77 2.82723849341496702
78 15.18815582865730107
79 17.59323642046204839
80 1.71746478329704644
81 21.58991447707456146
82 24.67964102749661848
83 10.22975814446603593
84 32.16967073234814478
85 25.67628864066926297
86 37.17412645956370909
87 17.22620564593979964
88 15.99650760894129320
89 0.02762876081746413
90 7.07106781186547551
91 5.43287004901497994
92 3.08771777007185477
93 3.62179793483891643
94 22.59702694063496864
95 3.83906379406973741
96 7.52728876220309928
97 5.85065672087465316
98 5.60120861343619936
99 11.63495411031716742
100 5.77126293361153841
