1 0.13993342349854743
2 14.40520851199319097
3 3.29024734489357940
4 14.93845246985353015
5 12.06061399267700551
6 19.70656222749468611
7 14.04126555038368451
8 21.61144906702544688
9 17.45876294553487185
10 18.42402975609844873
11 24.41777116749345566
12 17.38375412578871604
13 -1.66958897881048074
14 18.78037477176828673
15 32.90089978958472727
16 17.68467971942826722
17 10.52482039199941255
18 5.64316655539694523
19 29.39471798898884458
20 27.86277006213396135
21 9.92582592128389507
22 18.24351631110077321
23 30.71476195602645021
24 17.65194084719296441
25 22.46109160452115105
26 14.77046168079791855
27 -0.37392000084155086
28 1.64129167040744051
29 26.82046167945145143
30 14.78701824084286187
31 18.03558815640573698
32 17.81959944497363324
33 9.29911898950051352
34 18.12844724939463248
35 33.39749330618668921
36 32.77484011125930863
37 10.18021303248328557
38 56.05164038596024767
39 16.05781755178572467
40 13.41640786499873528
41 28.55797291630984347
42 5.66800730901893957
43 20.12039492925627115
44 7.58421107987844323
45 22.19929779371775425
46 21.35738762236746879
47 16.86169086440455089
48 1.33536147251108162
49 32.89856869033795306
50 16.32863834812769710
51 17.72504612325794682
52 15.94043259695493475
53 8.94427190999915922
54 29.18384948431120662
55 24.39927637993747922
56 10.14409182591609593
57 16.41861868445704076
58 2.87076642951279837
59 6.28250957938459464
60 3.61601589707866822
61 10.51518395252951166
62 27.39099184813343868
63 19.32412595825961432
64 53.78769618073978620
65 58.21602883225656910
66 45.70522667733489186
67 16.52561313024448708
68 21.89800329875250640
69 8.58752036375783945
70 1.51384108683748764
71 1.79942900122836136
72 9.55859234479670761
73 12.50897944326757738
74 11.34914720596504267
75 18.57733546078359055
76 5.26498975155530857
77 3.32015727716024855
78 18.16138013878232371
79 17.96725622140426637
80 0.27647248302460170
81 24.11080201260427458
82 25.07479515365007927
83 14.43088036488910575
84 31.41561377396071464
85 24.72519642849345800
86 35.53263552352898103
87 22.20318165352886197
88 17.92515424571674032
89 0.02762876081746413
90 7.07106781186547551
91 5.23943317932480568
92 1.72053983481865913
93 4.11752900636396824
94 22.93896174844329749
95 7.13097923783588605
96 8.23144342026161802
97 9.90996886754795625
98 8.53650549578289741
99 8.94344757352727449
100 3.91629723364470195
