1 0.03285403044168334
2 16.25364124455765591
3 9.53921539850329481
4 14.93845246985353015
5 12.46004718114611620
6 20.31482474596415955
7 14.64952806885315795
8 20.08882214280781398
9 16.64528964252481558
10 18.42402975609844873
11 27.68431957385039510
12 10.33421373856280923
13 0.37881359084654775
14 23.86014024022205859
15 28.30238911844213590
16 17.11815343809492163
17 15.41027097521165956
18 2.90917818915440307
19 15.63603596845979382
20 31.62277660168379612
21 8.07739318871942658
22 17.17119340783674630
23 27.75756935522170465
24 15.79359428174206670
25 18.54101966249683642
26 14.77046168079791499
27 0.11458482868408737
28 0.54409977762965411
29 24.67359394486393853
30 15.17908926980909712
31 17.42732563793626355
32 13.14755301258520603
33 14.53234064200266573
34 11.94439778262788820
35 40.98425946342597115
36 23.33652435311292095
37 9.71908645177789055
38 51.92873256973692975
39 21.25690095187994189
40 13.41640786499873528
41 24.94718025287687624
42 7.51870289201566777
43 19.40617759886183080
44 5.29316818838540826
45 21.99046846371738440
46 18.24596559122677775
47 39.77235087848818296
48 6.25574819246119773
49 25.80027053840665019
50 17.12819325973202211
51 14.18123107321135024
52 15.33217007848546132
53 8.94427190999916277
54 30.87674492654230818
55 26.41018595695383198
56 12.15500140293243447
57 21.55807153649799801
58 0.85985685249645627
59 5.67424706091512121
60 4.98966582030739403
61 11.25268565898290518
62 24.12444344177649924
63 9.88581020011322664
64 65.40392337086736063
65 57.93600512832000504
66 45.32844379991249184
67 16.19288469596298086
68 19.40904178469262575
69 13.42867098729375641
70 0.24796954769489332
71 3.37678827865424580
72 14.75767574489091061
73 10.75821186215446090
74 13.36005678298138122
75 14.45057496395342156
76 12.09833864927797720
77 2.82723849341496702
78 14.16522831414043537
79 11.75613037302292696
80 1.71746478329703933
81 20.56698696255767800
82 27.63121517878892774
83 11.25268565898290518
84 30.42836152183605236
85 23.93497943015718477
86 35.58735897175470342
87 17.22620564593979253
88 17.92515424571674032
89 0.02762876081746413
90 7.07106781186547551
91 5.43287004901497994
92 6.31678765552895527
93 3.62179793483890222
94 20.85571773012287622
95 5.88491882310347592
96 7.22274294368144609
97 5.85065672087463895
98 5.40891816041068552
99 11.63495411031716742
100 5.77126293361153841
