1 4.65581539900389885
2 10.74763498497143388
3 12.49966702644879746
4 14.72646230145315371
5 13.06924831820298039
6 19.09642247185045960
7 13.43112579473945800
8 22.94255248444847695
9 17.76527597467810438
10 18.42402975609844873
11 24.52738911687458767
12 16.43310340050691565
13 0.87058565212235806
14 20.15894479251664251
15 26.28558813816100326
16 16.56410050077268181
17 14.83144145858881302
18 5.64316655539692391
19 26.77034757212744864
20 25.96979704124592558
21 13.91848430168647610
22 25.42983570625148104
23 26.85093123451667907
24 21.02580877573578988
25 18.32902949409645998
26 15.10554653417874249
27 0.18486144410054806
28 2.25685754230841695
29 20.96941278843600998
30 14.53474982504400970
31 18.64572791204996349
32 18.80053257302307657
33 14.26465193565839229
34 9.21278965180079723
35 39.29021030192406272
36 34.28586922917311597
37 8.91413554541378517
38 55.74966999284045954
39 15.53890452389332921
40 13.99111619930379646
41 32.60563181233118257
42 7.04657732976728823
43 18.79466356218789969
44 5.29316818838540826
45 22.59966960077423437
46 18.55051140974842383
47 14.95470603251779806
48 5.83146039854141662
49 29.40619311387407464
50 20.08864488767753187
51 13.60716824386273771
52 16.55057235259916126
53 8.03447872231327409
54 24.92872755657113260
55 25.80034928299189545
56 11.54516472897049795
57 26.72899294270338544
58 0.85985685249645627
59 6.89264933502882116
60 2.56859556913047982
61 11.86188679603973384
62 27.28137389875230667
63 20.83515507617342166
64 51.27294371325951516
65 33.23897369917460765
66 39.01143326984837501
67 23.63934608701692497
68 16.44859015674712310
69 14.57679664599099567
70 0.24796954769489332
71 28.64788253714825572
72 9.03967931690431925
73 3.79849246008201646
74 12.53822994061906826
75 12.73175593588759114
76 2.61610530003568442
77 2.82723849341496702
78 22.56275546924162967
79 11.18206754367431444
80 1.71746478329702512
81 19.99292413320906547
82 25.50642794960325688
83 11.86188679603975515
84 29.32970122312047323
85 22.83631913144160563
86 34.48869867303912429
87 17.56129049932062713
88 17.92515424571674032
89 2.32895703659625042
90 7.07106781186547551
91 5.23943317932480568
92 3.29970793847224542
93 4.30700686580489389
94 19.63731545600917627
95 7.05687692461785332
96 7.10300096828333238
97 5.35888465959882865
98 6.46850281155697360
99 11.63495411031716742
100 6.45647186457752298
