1 0.03285403044166912
2 10.85162907687502098
3 5.86503181356189884
4 14.54331958067182740
5 12.74037649920633086
6 18.36940171013349143
7 12.70410503302248983
8 10.56778854562427483
9 15.70771643231771719
10 18.42402975609844873
11 35.91555798693991619
12 16.74271198297049068
13 0.37881359084652644
14 26.86514792719901834
15 15.31402377217168720
16 19.02760788499265843
17 14.17771849967063247
18 5.64316655539694523
19 22.41619443280310264
20 30.51151615568542752
21 13.47940535640206150
22 29.00493514868961853
23 15.34227190807825991
24 18.15764195945043014
25 18.14588677331513367
26 14.77046168079791499
27 0.18486144410054806
28 2.28233381322566942
29 27.03764162257230907
30 14.17123944418552384
31 19.37274867376693166
32 13.10002131249785862
33 15.46991385220976412
34 6.64644413957100255
35 40.49134067968067541
36 27.25185349843213345
37 9.83349513589705282
38 48.92372488275997000
39 22.47490759158450402
40 13.41640786499873883
41 36.61981020005372045
42 13.75278046444970670
43 19.40617759886184501
44 5.29316818838540826
45 26.62318319401124000
46 27.90739912147741109
47 31.54111246539865476
48 3.65109906282111751
49 28.40491966804673041
50 13.45400967479062615
51 14.35491830900262045
52 17.27759311431612943
53 8.94427190999915922
54 27.91629329859679842
55 26.10289092951352075
56 11.84770637549212324
57 31.54142919579148696
58 0.42077790721204877
59 7.61967009674578932
60 3.07774520406674412
61 15.42773093357265068
62 15.89320502868697815
63 13.80113934543244625
64 61.48859422554814813
65 58.69989110273583321
66 45.32844379991250605
67 28.09260342002388455
68 16.44859015674711600
69 14.19255696170959880
70 1.40676169378060933
71 3.55047551444552312
72 5.44812485069402186
73 0.00000000000000000
74 13.09670781164377473
75 12.62881203391945206
76 4.88917957948137882
77 3.32015727716024855
78 16.16156106928185920
79 15.08914469799437086
80 1.71746478329703223
81 26.26404896523748533
82 27.01998998602093849
83 11.07534552133902395
84 25.97298692918608864
85 19.47960483750722815
86 31.90544931342103396
87 13.08393909961334600
88 17.92515424571674032
89 -0.36055393406033076
90 7.07106781186547551
91 5.23943317932480568
92 7.66906326168275143
93 2.78036848900276468
94 18.91029469429220811
95 7.83034185893414403
96 7.22274294368144609
97 5.41157777559023145
98 6.46850281155697360
99 11.63495411031716742
100 5.96469980330169847
