1 0.03285403044166912
2 16.25364124455765591
3 12.49966702644880456
4 14.72646230145315727
5 12.26775672812063078
6 20.69940565201515881
7 15.03410897490415721
8 20.38608969448466723
9 16.87271840325855266
10 18.42402975609844873
11 25.41061459201392836
12 17.96179573623200554
13 0.86633941730866226
14 18.60240578495126229
15 35.68118637588412412
16 16.51765632817335927
17 15.03050260355300338
18 5.64316655539694523
19 16.02061687451080729
20 25.96979704124592558
21 8.07739318871942658
22 15.64781770422895235
23 31.45406888447732641
24 16.93855820618891528
25 18.32902949409646354
26 14.77046168079791499
27 0.18486144410054806
28 -0.60086414681718736
29 20.27385664466827109
30 15.33624141512635930
31 17.04274473188526429
32 18.80053257302307657
33 14.30491188126892865
34 7.51874049029883196
35 40.49134067968068251
36 34.28586922917311597
37 9.53622758422020667
38 57.06070368284233041
39 19.50775746303284208
40 13.41640786499873528
41 24.36872607661186407
42 5.49003832220191157
43 19.04441511456511194
44 5.29316818838540826
45 21.79817801069188477
46 18.55051140974842383
47 28.43842509637697447
48 5.65393482226269839
49 26.40208390860514953
50 20.08864488767753187
51 14.40865983394508731
52 14.94758917243446206
53 8.94427190999916277
54 27.91629329859679842
55 26.19819578855346620
56 11.94301123453207225
57 19.22501856592646874
58 2.07428153396256576
59 5.28966615486412195
60 4.69239826863054077
61 11.06039520595738423
62 26.39814842361296598
63 20.83515507617342166
64 54.45457849480716561
65 57.48114760685252378
66 45.32844379991250605
67 14.66950899235520112
68 16.44859015674711600
69 12.97381346582629646
70 0.24796954769489332
71 3.60421703938799709
72 13.00853225604382857
73 11.97263654362057750
74 11.72165176471453663
75 18.14707449320903265
76 4.24332789087504381
77 3.32015727716024855
78 23.21805166739891035
79 11.98355913375666404
80 1.71746478329703223
81 20.79441572329141508
82 24.70493635952088596
83 11.06039520595740555
84 31.11020997956390488
85 24.61682788788503728
86 35.89262070823963313
87 13.66545449583004057
88 17.92515424571674032
89 0.02762876081746413
90 7.07106781186547551
91 6.03480455959625672
92 2.60019194360977224
93 3.93042014456198885
94 21.24029863617387548
95 5.50033791705247666
96 6.92547539200459994
97 9.62339803938474958
98 6.46850281155697360
99 11.63495411031716742
100 5.65685424949238325
