1 30.46309242345563462
2 36.00000000000000000
3 5.62755491702210975
4 50.00000000000000000
5 41.23105625617660763
6 22.36067977499789805
7 42.42640687119285303
8 52.49761899362675166
9 29.15025325022722313
10 50.99019513592784847
11 23.87346715688499188
12 30.00000000000000000
13 22.36067977499789805
14 -18.75182827172819344
15 60.82762530298219872
16 0.00000000000000000
17 60.82762530298219872
18 31.62277660168379256
19 -18.92677184407428825
20 48.47075563460334990
21 36.05551275463989214
22 -27.22791447659560760
23 11.44509836439298311
24 8.08104684304595366
25 -12.95512895360294081
26 22.36067977499789805
27 10.00000000000000000
28 12.64911064067351809
29 -16.84503043904464192
30 50.99019513592784847
31 34.92849839314595783
32 -57.77012443811877773
33 32.48306784547506254
34 13.68280768011683080
35 52.72471945550412897
36 82.80096617793780922
37 42.42640687119285303
38 84.85281374238570606
39 15.68085883466751440
40 22.36067977499789805
41 -33.06468601935700491
42 17.27338152148026751
43 12.40536694239737159
44 0.00000000000000000
45 49.89695763748847668
46 -109.31318911362917845
47 68.41052550594828574
48 47.86629740674730016
49 -29.58765657453264453
50 33.94112549695427816
51 -28.65053031976111697
52 22.62741699796952233
53 8.94427190999915922
54 45.60701700396551672
55 60.92618484691126923
56 -22.65391994545348808
57 46.38965401897280572
58 18.11077027627483460
59 -3.66677351358644898
60 25.74480153678179306
61 -71.22944733498249548
62 50.99019513592784847
63 67.36609101040963310
64 58.99920200374890555
65 62.45458852192153643
66 60.12643842751297996
67 0.00000000000000000
68 30.22803053513962368
69 24.33105012119287736
70 10.31317633416688295
71 -42.85478967549197193
72 34.50403450033323338
73 29.24898494807093030
74 49.19349550499537571
75 55.56977595779921586
76 31.30495168499705727
77 18.55639955669013119
78 57.94248459016910857
79 51.10772935672255102
80 1.71746478329703223
81 55.17245689653488938
82 46.64761515876240594
83 0.00000000000000000
84 48.66210024238575471
85 46.04345773288535071
86 -20.92685182859892379
87 36.76955262170046979
88 38.47076812334268681
89 18.00000000000000000
90 0.00000000000000000
91 25.67318035845666557
92 36.76955262170046979
93 0.34566002961739883
94 24.08318915758459156
95 29.73213749463701205
96 24.72902970658255839
97 34.40930106817050671
98 0.00000000000000000
99 34.98571136907180090
100 7.51281880832119597
