1 6.04988256243795064
2 9.95281932403278802
3 11.68020937244003221
4 14.93845246985353015
5 9.53717648815561247
6 18.86369168480297986
7 13.19839500769197826
8 23.50015608636135056
9 20.03627733595052973
10 18.42402975609844873
11 33.84113711404057767
12 17.85850699803314257
13 3.61088126370623286
14 15.23868490856527558
15 35.89647141190937418
16 8.09108754990351997
17 20.65373673836675295
18 10.20946076257414248
19 28.08493343961720967
20 16.97144395877879930
21 10.06057494720810652
22 15.98331204159922336
23 34.46704653136743701
24 26.02267872376992131
25 17.79455681888671847
26 15.39290070133127664
27 0.11458482868407316
28 1.94288094710011450
29 30.43395191477620187
30 14.72945864071712840
31 18.34500430639234025
32 23.91052160280631966
33 17.99593877322416091
34 17.63307247348006257
35 26.76676335452234667
36 10.23117224018592708
37 15.00348637060464796
38 52.91679174238134920
39 14.35958565026549394
40 14.03884688553209692
41 22.69937734012109232
42 6.52012168586673013
43 19.77090014193906597
44 9.32977413146085510
45 19.14093556492785453
46 16.40443806647790126
47 33.61553333829799328
48 11.49921395561627691
49 29.83432615378432473
50 18.08787042400978606
51 15.71395749751498983
52 12.21700893246944375
53 8.32183288946580113
54 17.17011280717468225
55 22.54458380204121326
56 12.15500140293240605
57 22.42937329570997917
58 -10.66091801968024910
59 10.97738204754105595
60 5.68808212416794134
61 10.83580086311726731
62 17.96762590158631667
63 -0.68811260667573038
64 66.70032479912356393
65 56.82571836950243238
66 39.36305559676448240
67 20.99278781995443310
68 15.26727334708815675
69 21.04821738506378637
70 9.24632263016203382
71 7.95067316869331364
72 15.03949629934215082
73 17.07591429778901215
74 13.36005678298134569
75 26.87741064791644163
76 6.92082102828400281
77 4.50147408681920780
78 21.67399463103649282
79 9.34712726847916997
80 1.71746478329701802
81 19.10416329500392862
82 29.96820423459608662
83 9.20347279138812624
84 25.69086429067832711
85 23.90721924169901058
86 47.99241442844779471
87 14.33493974503091550
88 18.45860863842184330
89 6.41566771628875188
90 11.23860016061498612
91 5.23943317932480568
92 13.26202558208428428
93 4.15246514310184978
94 22.41684789870270578
95 1.37208601734231905
96 8.88908420256333898
97 14.78263915372125581
98 1.30029563451507713
99 13.18898508775335543
100 9.19676747616139778
