1 0.03285403044168334
2 12.43231467231948884
3 15.33453686606424782
4 12.91868792912464770
5 12.56959788951824031
6 14.27574157524543530
7 8.30237469426184305
8 18.58487505507268622
9 16.62988460459554574
10 21.12297497523637801
11 24.70747196184939298
12 16.99885533556919626
13 0.96131580705935615
14 17.41319683651504135
15 36.95972843762540094
16 18.63923907742110231
17 14.30720043011250908
18 9.19028801957529673
19 23.69364759158093747
20 34.39005990289470560
21 11.89871976095759365
22 16.24074401224136110
23 37.81081522537179751
24 17.19649149801724519
25 16.52125512176795397
26 14.77046168079791499
27 2.57573645936588846
28 0.74244020415207501
29 20.12766125274316664
30 12.70253260119799599
31 17.22034212533870701
32 12.88154301407844216
33 11.84880046079400984
34 27.67952230101047917
35 27.94808016418130592
36 34.48354114560689254
37 12.40819658709081530
38 49.07296915208309684
39 12.29542270810066640
40 13.41640786499873883
41 25.22431449064956865
42 1.03138884893277094
43 26.31539614441442865
44 7.10415424798085837
45 25.77348043255672039
46 24.90499542147696843
47 20.33302644030811379
48 1.33536147251108162
49 33.41960247749469204
50 22.92351472729296802
51 11.70467440460026332
52 17.82413178502583406
53 8.94427190999915922
54 29.82585719718402117
55 25.40160362416474626
56 12.80586407951781069
57 18.42349568319555786
58 3.98024398330869644
59 8.16620876745549396
60 5.54680937668063834
61 15.53336821215253138
62 24.40234583463957563
63 21.03282699260719824
64 51.55796135923546331
65 56.00094588359790748
66 48.02738901905041757
67 18.12946394311013165
68 16.44859015674711600
69 13.22168747469619987
70 0.44564146412869121
71 2.62830734216768924
72 5.79619750111163157
73 13.86974402925415717
74 11.34029224225248100
75 23.24188001324474584
76 0.00000000000000000
77 2.82723849341496702
78 18.69575596833193742
79 12.04871283404699511
80 0.51290799354428884
81 20.41565730415089774
82 24.78767610417424194
83 13.85419807389542157
84 21.46913568689044283
85 16.97004471742167198
86 31.84110871408738319
87 13.08393909961334245
88 21.78034591376768248
89 1.20912831474429616
90 7.07106781186547551
91 6.31594148168905178
92 8.30321764824525843
93 0.33514896825088414
94 16.16040477351461391
95 8.37688052964384866
96 9.79744439487520857
97 8.38854163547404497
98 6.24519161731061612
99 13.83830536038505699
100 5.47069371715026165
