1 5.29279782986793634
2 36.00000000000000000
3 44.72135954999579610
4 14.93845246985353725
5 9.69029409014487442
6 22.36067977499789805
7 28.16211901347202229
8 -19.84969988352267478
9 20.53226075367041048
10 24.82029401120326639
11 34.27214398717109844
12 29.76382458979362156
13 22.36067977499789805
14 2.95811506787823930
15 49.86297064592631045
16 -21.70994333960643274
17 60.82762530298219872
18 31.62277660168379256
19 22.01474704395188553
20 8.00714112823207813
21 36.05551275463989214
22 6.52799143777028945
23 45.20100427875888016
24 2.16968412581936576
25 -9.88534516305070099
26 22.36067977499789805
27 10.00000000000000000
28 12.64911064067351809
29 21.94029821809498770
30 50.99019513592784847
31 34.92849839314595783
32 33.39619844635505785
33 35.99991632842536404
34 40.01981261388560540
35 29.39715930667728472
36 49.40045548242028417
37 12.44058152796598193
38 7.19620738263640192
39 58.67646267329578080
40 22.36067977499789805
41 36.01131884163885388
42 9.83314004816682541
43 68.35202996254024299
44 0.00000000000000000
45 13.54646831180102140
46 7.04408724626453875
47 -3.57418734843651009
48 0.00000000000000000
49 30.49546059979081747
50 33.94112549695427816
51 -44.41677480390795552
52 22.62741699796952233
53 8.94427190999915922
54 16.45683219104566319
55 16.16643883351133582
56 -20.51399050255048451
57 11.02577890433170893
58 13.50900918521111294
59 0.00000000000000000
60 32.34962123744578832
61 -34.87895800929503309
62 28.37469853806558007
63 -21.21128320957782876
64 83.13287156186019899
65 51.35796866594606058
66 80.99382692526634742
67 0.00000000000000000
68 -12.96848383606673139
69 24.33105012119287736
70 24.60688971581356554
71 -27.45526372368216173
72 34.50403450033324049
73 21.57348005607264696
74 15.43758959062947866
75 18.10974756826625054
76 31.30495168499705727
77 19.86204117247068268
78 36.01666537046705230
79 -3.44384378456392248
80 1.71746478329702512
81 55.17245689653488938
82 46.64761515876240594
83 0.00000000000000000
84 48.66210024238575471
85 46.04345773288535071
86 49.90012659402933792
87 36.76955262170046979
88 38.47076812334268681
89 2.91867962609383369
90 -0.55271709787309931
91 5.23943317932480568
92 36.76955262170046979
93 20.77940720874926228
94 24.08318915758459156
95 29.73213749463701205
96 29.33079079764628005
97 34.40930106817050671
98 -11.69096826648152643
99 34.98571136907180090
100 27.94656598745305587
