1 5.74906476622578566
2 9.17249896943498300
3 10.60083010153324778
4 14.93845246985353015
5 9.15238687475058299
6 18.38261309489011808
7 12.71731641777911648
8 12.86733969291461221
9 17.99025655365470300
10 15.17473778895401892
11 36.91016828748432488
12 16.26835959226601602
13 0.09111766745921557
14 7.77462898043502548
15 34.80116759140774008
16 21.62735157357946747
17 10.43546869643998320
18 9.42591291524647623
19 27.29213729814989264
20 13.90241278533508762
21 15.15853546384208883
22 8.46349656172309928
23 18.74243610315510722
24 19.63427906451761373
25 7.16790690730840296
26 15.39290070133127664
27 0.11458482868407316
28 2.02735244951745841
29 29.35457264386945297
30 16.05328682807719076
31 15.57679092916077224
32 16.76674820985812175
33 19.01894916437208138
34 18.65608286462796883
35 25.52740666957961935
36 14.09299955509695579
37 11.67958032029373605
38 50.27373219399501636
39 29.74329728828271513
40 14.03884688553209692
41 25.02589141722545918
42 -5.33773848231432169
43 28.85181692368050221
44 13.87573642248301553
45 18.05030588060236951
46 29.28173091046770082
47 33.79579413199867588
48 5.94599386006218467
49 32.13825428219398361
50 17.78705262779762464
51 17.45916048359865158
52 13.48163536970997178
53 8.32183288946580113
54 28.31690580050925377
55 28.88323261126129893
56 22.78165131451072156
57 14.65791203818737642
58 3.93378057764672917
59 3.82371235213963168
60 3.36589789721766408
61 19.41970337086773313
62 18.14788669528699927
63 -1.77874229100123316
64 71.04024645059350007
65 57.72817175813890600
66 38.64086300182872691
67 25.62168771250776445
68 14.02791666214543120
69 21.34903518127594779
70 9.06606183646132280
71 8.07123017120476760
72 20.13745681597615800
73 9.65143970405063634
74 13.36005678298137411
75 14.70456701383155718
76 6.10776097578429500
77 5.74083077176193335
78 22.96972019573806278
79 9.70431394445016515
80 0.00000000000000000
81 18.38197070006817313
82 31.61762028524164236
83 10.31910139981378549
84 25.52989822989027857
85 24.38844419040441025
86 42.43064817690224544
87 21.00060634984158270
88 21.70790060556627310
89 6.73774619665742591
90 18.38237355356321245
91 6.31594148168906599
92 12.72628562615192038
93 8.87696476734117468
94 23.05903890819619306
95 1.67385581144831885
96 8.24689319306985169
97 9.21227636941222272
98 3.24229611020542441
99 11.28216764101934011
100 4.60049557755012373
