1 0.03285403044168334
2 10.62454029999096150
3 10.62042133925945109
4 14.72646230145316082
5 12.21072489660195970
6 19.81618017687582878
7 14.15088349976483428
8 12.19620863201435057
9 18.12515482719079785
10 18.42402975609844873
11 24.52738911687459122
12 15.79455892092387614
13 0.09111766745922267
14 19.48563126009059232
15 27.04779715400692908
16 18.32520783295214528
17 15.75080104907210909
18 5.64316655539692480
19 26.77034757212745220
20 31.69111468375677987
21 13.70649413328611743
22 25.00012858226501322
23 30.51715191679861761
24 15.79359428174207380
25 18.32902949409646709
26 14.77046168079791499
27 0.18486144410054806
28 1.03701856137493564
29 20.12766125274316664
30 14.89462867755669606
31 17.92597020702459432
32 11.92042278442649206
33 14.74652461883859189
34 12.01467439804437731
35 39.21993368650757361
36 34.28586922917310176
37 9.83349513589705992
38 42.30357242251133698
39 11.74958915663090409
40 13.41640786499873528
41 32.77611542730515026
42 2.59271519232273562
43 19.69387352224916299
44 19.29283731574245309
45 22.23979074826155511
46 28.53203739440230535
47 15.59978192489992921
48 5.95120237393955165
49 26.10481635692828206
50 18.27773728256117636
51 13.89870901430244032
52 15.83081464757379209
53 8.94427190999916277
54 29.79553898578615190
55 25.54097018459804502
56 11.28578563057664752
57 14.65791203818739064
58 0.93556260748342623
59 6.17289163000345198
60 2.09861495503102446
61 12.00065251261538890
62 27.28137389875230312
63 20.83515507617341811
64 54.45457849480717982
65 58.43271116406484111
66 43.63439463841058341
67 24.02181987039125488
68 18.32783584393645526
69 13.92537702303860669
70 1.40676169378062355
71 3.09426621974533589
72 5.25036394964188702
73 4.22247279688271249
74 12.20314508723825497
75 17.21015752553033451
76 1.81332596788678302
77 2.82723849341496702
78 20.19102619092718953
79 16.08787908830777269
80 1.71746478329703223
81 20.28446490364876809
82 25.14654909709057051
83 11.50200794352707057
84 29.92971695274771804
85 23.43633486106885044
86 34.28909678758118673
87 25.38188706117086468
88 17.92515424571673321
89 2.91867962609383369
90 7.07106781186547551
91 5.25958280974681003
92 7.15596229847772847
93 3.50738925071973995
94 23.55570797208465805
95 6.38356339219180668
96 7.22274294368145320
97 10.22423574852086858
98 4.66095130677820180
99 8.43631929926705482
100 5.65685424949238325
