1 0.10119211251466709
2 17.26883397976545353
3 1.32920411330437815
4 14.93845246985353015
5 8.75361659169213624
6 21.21994845142737773
7 20.40284115540943333
8 25.77494913746155447
9 8.23194339586752477
10 21.27694001746498031
11 32.33076527134795697
12 3.89213222452695362
13 5.73373770935050686
14 14.04120160043669330
15 35.76452525735698629
16 34.07156054182952687
17 13.76277912786031266
18 16.95211962441241127
19 27.49947975351331309
20 28.82270730261245717
21 11.22713070852442030
22 27.33669026565294047
23 26.32904263132849820
24 15.54383690004837604
25 11.73790547483044833
26 21.14073132357052032
27 -1.04420731740164996
28 6.43728022915012588
29 31.44218866169795490
30 35.36623467890073869
31 7.54471535340005062
32 17.90100687427174364
33 15.91822197976497932
34 9.38445687639907788
35 41.00770300839866422
36 18.68913937121179458
37 14.96111009255265856
38 65.99120875151687926
39 16.57771324486771647
40 22.36067977499789805
41 22.63716606740982940
42 10.20168049220757212
43 15.10088412674868863
44 0.00000000000000000
45 21.79457851721691952
46 14.49062759963607760
47 32.27299491962408240
48 4.60825634510986504
49 29.76996168632723538
50 9.32311105073689816
51 30.37258042783509637
52 22.62741699796952233
53 8.94427190999915922
54 28.39969898555006012
55 29.89634377803990617
56 8.66760002385520778
57 22.60369572831436358
58 7.79813669892279471
59 9.18478770386862209
60 3.78436617190222080
61 26.85719406656788522
62 26.43331982224243859
63 1.54018329389788278
64 71.00200392479801792
65 53.44142641725718335
66 38.58648339998656240
67 25.61755549344871952
68 10.95933032698842879
69 4.77319093091627167
70 0.24796954769489332
71 14.44559152991497086
72 15.10060469692184881
73 10.75821186215446801
74 13.36005678298137411
75 23.11100864397223376
76 28.68509234737327063
77 7.20285756113039355
78 33.22231650129545244
79 25.04770791832653032
80 1.71746478329703223
81 24.51733899021289176
82 21.65284850259689620
83 9.40451283207548272
84 15.81713335415467725
85 18.28520003469170163
86 30.10038235515680327
87 26.18701014295025686
88 34.15491790484426815
89 4.05941094966435401
90 7.86522960153497763
91 5.23943317932480568
92 6.31697269990355892
93 4.15246514310184978
94 24.08318915758459156
95 3.28510116523468554
96 5.12479712445876601
97 -0.59427428134274862
98 -3.48227493022805490
99 34.98571136907180090
100 11.31962392180567178
