1 0.03285403044168334
2 10.62454029999096861
3 11.22485904910186605
4 14.72646230145315371
5 12.26775672812058104
6 20.69940565201520855
7 15.03410897490421405
8 12.19620863201433991
9 16.87271840325858108
10 18.42402975609844873
11 25.41061459201397099
12 6.85663113710177186
13 0.09111766745922978
14 18.30886423952750874
15 28.22456417457001976
16 16.73549211861009667
17 15.12257505182434159
18 5.64316655539691681
19 25.88712209698806532
20 31.62277660168378901
21 13.70649413328611033
22 17.80716391303784008
23 10.70283033043097021
24 18.47129947536415528
25 18.32902949409645998
26 14.77046168079791499
27 0.18486144410054806
28 4.54176623988691830
29 20.27385664466828530
30 15.33624141512638772
31 17.04274473188521455
32 11.98876086649948292
33 14.30491188126890023
34 11.94439778262790242
35 40.49134067968067541
36 34.28586922917311597
37 9.83349513589705282
38 43.81502389489851623
39 11.74958915663091830
40 13.41640786499873528
41 25.58315075807797712
42 4.87323966895534966
43 19.69387352224914878
44 18.95815286391837162
45 21.79817801069185634
46 29.16026339165007641
47 15.85478140279155213
48 5.95120237393953744
49 26.10481635692831048
50 20.08864488767753187
51 14.40865983394511574
52 14.94758917243441232
53 8.94427190999916277
54 27.91629329859681263
55 26.19819578855347686
56 11.94301123453206515
57 14.65791203818737642
58 0.85985685249646338
59 5.28966615486407221
60 4.98966582030737982
61 11.06039520595737713
62 26.39814842361292335
63 20.83515507617342166
64 54.45457849480716561
65 57.48114760685248825
66 45.32844379991249184
67 43.17891585280347044
68 16.44859015674711600
69 12.97381346582623962
70 1.40676169378062355
71 3.60421703938800420
72 5.25036394964189412
73 10.75821186215448222
74 12.93607644618062125
75 23.74589659080209003
76 11.35082602774798488
77 3.32015727716024855
78 18.79239437506985411
79 13.25836711110363098
80 -0.96024041032507057
81 20.79441572329144350
82 24.70493635952089306
83 11.06039520595737713
84 30.81294242788711557
85 24.31956033620824797
86 35.80054825996835177
87 29.46777016542979766
88 17.92515424571673321
89 0.02762876081746413
90 7.07106781186547551
91 5.25958280974681713
92 3.69867080128202019
93 3.50738925071973995
94 21.24029863617392522
95 5.28250212661568241
96 7.22274294368144609
97 6.13835264426194271
98 6.46850281155697360
99 11.63495411031716742
100 5.65685424949238325
