1 7.20150459053884617
2 11.92737353713728155
3 4.42848154605331246
4 13.42362906430686920
5 9.89616126817544028
6 19.09642247185045960
7 13.43112579473945800
8 21.74551334583479445
9 16.91825139392715727
10 18.42402975609844873
11 36.60073735095481595
12 10.43138974851248335
13 1.02362142803444556
14 17.41319683651502004
15 30.42306481472881785
16 15.83166512140360283
17 16.00863463980023482
18 5.64316655539694523
19 24.17371117460207230
20 24.52246412365961703
21 12.40366089613979383
22 20.37101341341804783
23 31.06509982856508501
24 17.19649149801723453
25 17.02619625695017547
26 14.77046168079791499
27 0.18486144410054806
28 7.30990579120878436
29 22.55641671078445398
30 13.68772524429305548
31 18.64572791204996349
32 20.70923933369398640
33 14.25937889060032404
34 11.25790102693034811
35 41.67075621912350414
36 24.80915739261826047
37 10.93739051430968345
38 49.68422975464097391
39 15.41580983891290302
40 14.66128590606545856
41 28.84964275664404099
42 4.30082937376571550
43 16.81704476676711835
44 15.92893940209520309
45 23.02270049461650103
46 19.36997498223588821
47 27.02805426659799437
48 6.20903596466767738
49 28.22752868339959775
50 12.01745940728203976
51 12.00337029199778272
52 16.55057235259916126
53 7.69939386893243949
54 29.82585719718402473
55 25.40160362416471784
56 12.30092294433557853
57 25.88433924391835461
58 3.98024398330869644
59 6.89264933502882116
60 2.59519378432754166
61 15.03497384606728104
62 15.20802566467207839
63 11.35844323961856617
64 61.55074441416259390
65 58.69989110273583321
66 38.15979323981532900
67 21.24985107392241090
68 19.06455596369852401
69 14.64707326140745636
70 2.16714162180973835
71 2.33994055283607594
72 8.91658463192387529
73 9.73947462807748821
74 7.21002284107581204
75 20.12149288243248435
76 4.96239487434683113
77 2.82723849341495992
78 16.55536729962227582
79 16.78781648995836662
80 1.71746478329703223
81 26.29516838740410378
82 25.92945884344549512
83 11.43885590219749560
84 28.10606386930972178
85 21.61268177763085419
86 38.79292536422880033
87 13.72874693680127223
88 17.92515424571674032
89 2.67993438752542801
90 7.07106781186547551
91 5.23943317932480568
92 2.44290993288396407
93 3.50738925071973995
94 21.59888880554411372
95 7.10332109721717586
96 8.32663832209407673
97 9.34811543001317347
98 1.67307414592563219
99 9.67338076078222997
100 6.60950764048961048
