1 5.75417167295253407
2 10.62454029999096150
3 9.96319573530404057
4 14.72646230145316792
5 11.85084604408926623
6 19.09642247185045960
7 13.43112579473945800
8 11.73483478892978837
9 16.07122681317621016
10 18.42402975609844873
11 33.37412964607084120
12 16.57028836953406170
13 0.37881359084654775
14 18.99343668027893273
15 26.11604928058120834
16 11.03623645577225432
17 15.41027097521165956
18 5.64316655539694523
19 28.84765179707236271
20 25.96979704124592558
21 13.70649413328611743
22 24.55489314670993650
23 30.30516174839826959
24 15.79359428174207380
25 18.32902949409647420
26 14.77046168079791499
27 0.18486144410054806
28 0.54409977762965411
29 24.67359394486393853
30 14.53474982504400970
31 18.64572791204996349
32 18.80053257302307657
33 15.10640347135128536
34 11.94439778262788820
35 40.49134067968067541
36 22.90045063194736485
37 9.52564958208772339
38 47.73990475973418768
39 11.74958915663090409
40 13.41640786499873528
41 32.33087999175007354
42 5.09107545939209416
43 19.40617759886183080
44 14.34869955833127619
45 22.59966960077423082
46 29.33394131134734550
47 24.56736622332028475
48 5.95120237393954454
49 26.10481635692830338
50 17.55217359653277498
51 13.60716824386273771
52 16.55057235259916126
53 8.94427190999916277
54 30.45276458974158373
55 26.19819578855345554
56 11.94301123453206515
57 14.37021611480007266
58 0.85985685249646338
59 6.89264933502882116
60 3.77126354619369408
61 13.08028907015344089
62 18.43463336955605314
63 9.44973647894767055
64 65.83999709203291673
65 58.69989110273583321
66 39.60712615740163756
67 23.57658443483618527
68 18.98506144789187999
69 14.57679664599099567
70 0.24796954769489332
71 3.18696513358703015
72 5.25036394964188702
73 4.01048262848236448
74 12.93607644618064256
75 16.99816735712998650
76 6.43632684765534435
77 3.32015727716024855
78 13.59116548479182995
79 11.18206754367428601
80 1.71746478329703223
81 19.99292413320905126
82 25.50642794960323911
83 11.86188679603975160
84 29.20995924772236663
85 22.71657715604349903
86 39.43773320141670524
87 30.04316201220440519
88 17.92515424571674032
89 1.24603103493115697
90 7.07106781186547551
91 5.23943317932480568
92 5.30165398144676203
93 3.81523480452906938
94 19.63731545600917627
95 7.10332109721717586
96 7.22274294368144609
97 5.85065672087464606
98 6.42205863895765106
99 11.63495411031716742
100 5.96469980330171268
