1 11.04052953128282155
2 6.68629150101524061
3 8.56819620009017591
4 31.31912029509842199
5 41.23105625617660763
6 22.36067977499789805
7 13.28509164630287742
8 14.39647562723047258
9 9.06437298343829667
10 16.38487672832984643
11 40.02561681255615156
12 10.39875412837584179
13 -2.68226060639918984
14 -11.21792966016879234
15 20.54926214694155107
16 0.12397573523588790
17 7.10006817095600695
18 31.62277660168379256
19 18.94895980002536362
20 31.77140198814709038
21 8.94642735285300006
22 19.25565541142221804
23 56.64654745471424491
24 3.03904380201657887
25 -4.10352555447757794
26 22.36067977499789805
27 10.00000000000000000
28 12.64911064067351809
29 31.51064299185978967
30 21.47820257459795101
31 34.92849839314595783
32 21.78463956905184773
33 24.49216411741775090
34 16.62344896318489873
35 28.73471333363384872
36 1.54557978824088238
37 26.74371654556276923
38 78.54199653384290514
39 7.02211767733741965
40 22.36067977499789805
41 45.07408985724076445
42 4.71986633572170433
43 -27.55564895563004768
44 63.78087487640789988
45 15.14865872752725551
46 22.08836101690611642
47 68.41052550594828574
48 -2.05445461179443356
49 21.04296956081515191
50 33.94112549695427816
51 21.91082708037099991
52 22.62741699796952233
53 8.94427190999915922
54 31.96814034009331351
55 34.21275321969631733
56 -9.45291432431931611
57 26.03635238571968102
58 3.93378057764672917
59 -29.93857175030549911
60 -3.66599109250602595
61 38.83899490912834551
62 34.12817136345064029
63 -9.40004308633520935
64 93.03762679690406401
65 48.01514766041849214
66 37.64186502222710828
67 0.00000000000000000
68 6.23802441326934876
69 24.33105012119287736
70 9.12781564461642603
71 13.49178748346975887
72 8.75535630678108845
73 40.24922359499621649
74 29.74072460822626596
75 12.99647385582113657
76 23.42475759723058104
77 17.78450836482260655
78 30.63617599806688219
79 23.80142076462033174
80 8.16600191674278975
81 1.02686901376107187
82 46.64761515876240594
83 7.95595899328555589
84 21.00831937946424688
85 19.78712021095419260
86 70.71067811865475505
87 36.76955262170046979
88 38.47076812334268681
89 2.91867962609383369
90 -18.94234036757421435
91 5.23943317932481278
92 -18.65853869790403508
93 4.15246514310184978
94 24.08318915758459156
95 29.73213749463701205
96 8.32663832209408383
97 2.43247664406358410
98 8.52973321415097985
99 34.98571136907180090
100 2.90362560605597508
