1 0.03285403044168334
2 12.43231467231948884
3 15.32151104407776643
4 12.91868792912464770
5 10.60648260513789154
6 22.36067977499789805
7 16.69538309788689645
8 17.94012294044554778
9 19.30665589449344921
10 19.93658145408361548
11 27.36328234135145721
12 10.83674067698123622
13 0.37881359084652644
14 22.00657566421384104
15 18.14914595808384234
16 17.58340854484252702
17 15.77747723620380427
18 5.64316655539694523
19 31.11879249458944940
20 33.20366638174194662
21 11.89871976095759365
22 18.92192821143695980
23 27.49088895814536926
24 22.15404936685246895
25 16.52125512176795397
26 14.77046168079791499
27 1.69741314208571481
28 5.61672106340666488
29 22.01619760983248852
30 14.56357804687418778
31 13.86891891091735829
32 14.77326409201413782
33 10.35842269204885113
34 11.94439778262791663
35 42.49681116141113080
36 32.59182006767120754
37 9.83349513589705282
38 43.49360814927012342
39 14.97660690729626509
40 13.41640786499873528
41 27.90549868984516735
42 20.43022765411167541
43 21.23685362152383505
44 13.75118116219844211
45 19.72047353511071677
46 20.54214811307688393
47 14.29194697488613741
48 6.85061653588746822
49 28.41200305446743357
50 22.92351472729296802
51 13.56571985027646221
52 13.28631504945172281
53 8.94427190999916277
54 29.82585719718401407
55 25.04431129481512386
56 12.80586407951781069
57 29.08246172344595237
58 1.29905978411309775
59 3.62839203188138271
60 4.98966582030738692
61 11.25885322450577064
62 22.93292897629027038
63 19.14110591467152034
64 52.94202679682201307
65 29.33274445556503807
66 46.84099549789766570
67 26.12549834049059427
68 16.44859015674711600
69 9.87026426027485115
70 0.24796954769489332
71 27.80613100145539818
72 8.47738170030723026
73 11.18855983005855848
74 11.34029224225248100
75 20.56069581404914715
76 2.34927247512872128
77 2.82723849341496702
78 19.48399090114051191
79 4.83818532165017956
80 1.71746478329703223
81 21.90603507289605645
82 22.42877386539133155
83 11.67528357710422071
84 32.27575853232141156
85 25.78237644064254397
86 36.60846218002316732
87 13.08393909961336732
88 17.92515424571674032
89 2.91867962609383369
90 7.07106781186547551
91 5.23943317932480568
92 -0.26282051844690812
93 4.38012722553595069
94 22.90157275915661472
95 3.83906379406973741
96 7.22274294368144609
97 6.28985965249127332
98 5.60120861343619225
99 11.63495411031716742
100 5.96469980330169847
