1 0.10313064585815113
2 10.41255013159059217
3 9.53921539850329481
4 14.93845246985352304
5 10.19692252279703126
6 20.31482474596415244
7 14.64952806885315084
8 22.80596061391602802
9 16.68042795023304592
10 18.42402975609844873
11 22.93657172610078021
12 10.33421373856279502
13 0.09111766745922267
14 18.86483676341597260
15 27.45660148228117237
16 16.56410050077272444
17 15.12257505182434159
18 5.64316655539694523
19 28.36116496290125610
20 31.62083806834031918
21 13.91848430168649031
22 16.95920323943637698
23 37.68886148727148822
24 21.43175110330965794
25 18.54101966249682931
26 14.77046168079791499
27 0.18486144410054806
28 0.54409977762963990
29 24.67359394486392432
30 15.14395096210085256
31 17.42732563793627065
32 13.14949154592868297
33 14.49720233429443539
34 11.94439778262793084
35 40.91398284800947494
36 34.28586922917311597
37 9.85034503103138093
38 56.90718615140868764
39 11.53759898823052765
40 13.41640786499873883
41 24.94718025287687624
42 5.75246930066666096
43 19.71072341738347689
44 5.29316818838540115
45 21.99046846371739505
46 18.55051140974842383
47 13.36388864174398350
48 5.96805226907387976
49 29.26960124334161151
50 20.08864488767753187
51 14.21636938091958768
52 15.33217007848546842
53 8.94427190999915922
54 26.64148532124988833
55 26.19819578855347686
56 11.94301123453206515
57 27.11146672607774377
58 1.29905978411312617
59 5.67424706091512121
60 5.00651571544170793
61 13.51581031733202565
62 25.69055650797847079
63 20.83515507617342166
64 51.27294371325952227
65 57.86572851290353015
66 45.25816718449602405
67 16.19288469596297375
68 16.44859015674711600
69 13.35839437187730283
70 0.24796954769489332
71 3.41192658636248325
72 5.03837378124150348
73 10.97020203055483734
74 12.92085385136470421
75 24.38186709600319801
76 12.06320034156976106
77 2.89751510883142060
78 14.20036662184868703
79 11.79126868073116441
80 0.31456756702186794
81 20.60212527026590834
82 24.89722681254638914
83 11.25268565898290873
84 30.41151162670171004
85 23.91812953502282824
86 35.41596735391725304
87 16.78700271432314395
88 17.92515424571674032
89 0.02762876081747834
90 10.25270259341311885
91 6.45783545343850562
92 3.37541369345917985
93 3.50738925071973284
94 20.83886783498854811
95 5.83847465050415337
96 7.23959283881576710
97 6.57755557587860551
98 6.46850281155697360
99 11.63495411031717452
100 4.45860160580069476
