1 5.91679246953258797
2 13.28832495614994436
3 0.20519784360780946
4 12.70468535816702804
5 8.99782315722612580
6 20.31482474596416665
7 14.64952806885316505
8 23.05812491537209041
9 13.13005118245506964
10 18.42402975609844873
11 30.39298260892829973
12 13.78146338098005685
13 -1.76238950524319193
14 19.11375115294339366
15 31.78401623374147533
16 12.60781525281558402
17 9.91655787352993912
18 5.64316655539694523
19 14.80886748308861200
20 29.50204014041017331
21 11.04270947712713813
22 17.11955528975862961
23 34.65250910984075716
24 19.23918277138655242
25 16.30725255081033964
26 14.77046168079791499
27 0.18486144410054806
28 4.60183987161404673
29 28.23186304046175721
30 9.94586761730695201
31 17.42732563793625644
32 18.89287675418664492
33 8.93463606423124546
34 2.04509258921967785
35 42.10373845772332402
36 39.02882351247381365
37 9.66475104044654643
38 46.35041061130010576
39 12.96023141466033302
40 13.41640786499873883
41 26.31712833912445504
42 9.02573544204758527
43 20.82145797415846289
44 16.34380195489400478
45 18.31355340119660013
46 21.35738762236745458
47 23.74688212074363491
48 1.33536147251109583
49 35.25522435358882234
50 15.17790671843644290
51 15.71958882996921147
52 15.33217007848545421
53 8.94427190999915922
54 29.18384948431118886
55 24.75959591129190329
56 12.37785893760258737
57 14.37021611480007266
58 3.95744298962189234
59 5.67424706091511410
60 5.48290430485081970
61 11.81112397747923737
62 21.41578040669859462
63 25.57810935947411934
64 45.17705711627440479
65 26.08341666554353822
66 41.42138606413349322
67 21.47897163591196801
68 23.22016956600711879
69 13.42867098729374931
70 0.24796954769490753
71 36.76773449818855255
72 6.46100620767129463
73 13.63294046460972986
74 11.12628967129485780
75 21.93506359381223803
76 6.93423196621088422
77 3.68464020242951662
78 24.12708828641034486
79 16.38442022283059885
80 2.32961638763695333
81 23.93936737504091639
82 25.03871277158297914
83 12.88416691927147895
84 31.98055683952483719
85 27.00750923103134937
86 44.18775281762928842
87 22.14058812283028743
88 17.92515424571674032
89 1.51762406206945144
90 7.07106781186547551
91 5.23943317932480568
92 0.50401479787971581
93 4.72579152483343989
94 23.45442374048003131
95 6.61551724579915046
96 7.71598142822487887
97 11.08944595408978451
98 6.08197717880148048
99 9.03624809996001943
100 3.82349670721198009
