1 0.03285403044169044
2 16.25364124455765591
3 12.49966702644878325
4 14.72646230145315371
5 11.43711966662925406
6 22.36067977499789805
7 16.69538309788689645
8 20.67072354333949136
9 17.70335546474991162
10 18.42402975609844873
11 27.07188871499666760
12 17.96179573623200554
13 0.37881359084653354
14 18.18706627163810197
15 34.88210120773116785
16 15.57844099938020577
17 15.35099224152953212
18 5.64316655539694523
19 17.09998959696186915
20 25.96979704124592558
21 8.07739318871942658
22 17.80716391303785429
23 30.16142538592379196
24 16.86828159077243328
25 18.32902949409645998
26 14.77046168079791499
27 0.18486144410054806
28 -0.53058753140072668
29 20.12766125274318796
30 16.16687847661772537
31 15.38147060890252504
32 18.80053257302307657
33 13.47427481977754837
34 7.58901710571529975
35 40.56161729509712899
36 34.28586922917312307
37 9.83349513589706703
38 57.20199773077828809
39 19.57994377618182114
40 13.41640786499873883
41 25.58315075807799133
42 5.07469880888875480
43 19.80598640640444330
44 4.28184534416887175
45 20.96754094920051514
46 18.55051140974842383
47 26.77715097339422812
48 5.95120237393954454
49 26.10481635692831048
50 20.08864488767753187
51 15.16902028002000691
52 13.28631504945172281
53 8.94427190999915922
54 27.98656991401328042
55 26.19819578855346265
56 11.94301123453206515
57 20.65143341579292269
58 1.58675570750042993
59 4.70878064574994681
60 2.09861495503101736
61 9.92467844939951860
62 24.73687430063022674
63 20.83515507617342877
64 54.45457849480715851
65 55.89015009928625233
66 45.32844379991249184
67 15.88996617775976006
68 16.51886677216357668
69 11.38281595826001080
70 0.24796954769489332
71 4.36457748546290247
72 13.08071856919279696
73 10.75821186215446801
74 12.20917759117665469
75 15.91554197125117298
76 2.30624475163207876
77 3.24988066174380208
78 24.12460750539889887
79 13.85036565758318972
80 1.71746478329703223
81 21.55477616936633467
82 23.87429929802951634
83 10.22975814446603593
84 32.47421655086979797
85 25.88610534671483521
86 37.13867608076975557
87 16.49930679093586150
88 17.92515424571674032
89 2.91867962609383369
90 7.07106781186547551
91 6.15879276980808754
92 3.08771777007191162
93 3.90719805826232403
94 22.90157275915661472
95 4.87300823533897898
96 7.22274294368144609
97 6.57755557587858419
98 6.46850281155697360
99 10.55456549644860331
100 6.05666305703495311
