1 4.58553878358743816
2 12.43231467231949061
3 1.37391871040698277
4 12.91868792912464592
5 14.82767596698779045
6 17.27433627330376709
7 10.20777118775994552
8 16.39971050680153297
9 17.36516642202450456
10 17.10938190978984608
11 35.12264333398240979
12 17.96179573623200554
13 1.23496158861727423
14 28.59167782545714687
15 13.13839755988470159
16 12.45430758797570547
17 13.45242477443773055
18 5.64316655539694523
19 22.07835659650258009
20 25.82378208430242239
21 11.89871976095759187
22 19.36113114305358707
23 31.57004096374733848
24 16.23000900105243716
25 16.52125512176795041
26 14.77046168079791499
27 0.18486144410054806
28 1.06325005996415456
29 24.42837726020859179
30 14.13464027239040277
31 19.06654570216383604
32 13.61447194592839693
33 10.82639570134615781
34 -2.29235997943436587
35 34.87597682590664760
36 27.39999067713599601
37 10.69864527574128488
38 46.24455959544180672
39 15.41580983891289236
40 13.41640786499873883
41 28.34470162146180172
42 18.05441535387044638
43 20.64650891130919064
44 4.14932426722737091
45 26.77132037271511678
46 24.77061606580348752
47 31.35141180780199832
48 1.33536147251108162
49 31.10005857355007208
50 11.26300882242769319
51 13.13678207579267010
52 18.37265855114585378
53 8.94427190999915922
54 27.29138711497128611
55 25.40160362416474271
56 12.80586407951780714
57 11.78606388265750127
58 0.85985685249646160
59 8.71473553357551367
60 3.70287870965761812
61 11.65761631263936238
62 18.00076752795308721
63 13.94927652413630170
64 60.96105573165097979
65 60.01453894904443587
66 39.46111120045813436
67 21.24985107392237182
68 16.44859015674711600
69 15.06789105152136798
70 5.95944644692637837
71 1.89302552473872865
72 8.91658463192387174
73 10.74935689844193121
74 11.34029224225248988
75 20.12149288243250567
76 1.97558593361272017
77 7.62087328462567370
78 33.66779554782316097
79 25.04639058904145088
80 1.71746478329703223
81 28.79785196099860300
82 26.04791424148539747
83 13.14248670270428576
84 22.89255842927271445
85 20.29726985081482127
86 37.47751343741276031
87 29.09153563764662209
88 19.32642265414956029
89 2.91867962609383369
90 7.07106781186547551
91 5.73481160757221886
92 8.85174441436529236
93 1.18992462392563425
94 18.44669371889089149
95 8.92540729576386838
96 8.08789308352567815
97 4.99450872310389826
98 7.09996727298538133
99 11.00348964888875969
100 6.32546937282502597
