1 4.65581539900389885
2 10.41255013159059217
3 12.49966702644879035
4 13.78154077411038614
5 9.97908673236027255
6 20.31482474596415955
7 17.36666653996135068
8 20.08882214280780687
9 16.68042795023305302
10 18.42402975609844873
11 25.10595714482498408
12 7.95801844915882839
13 0.09111766745922978
14 18.91128093601530225
15 27.41015730968184982
16 19.37445274620975511
17 15.12257505182434159
18 5.64316655539692391
19 30.06605407118603779
20 27.06815331519456436
21 13.91848430168648676
22 26.02429965802621936
23 31.01683800858631557
24 17.06840225908898390
25 17.38410796675368530
26 14.77046168079791144
27 0.18486144410054806
28 1.64548708968671065
29 20.20358002925182461
30 15.14395096210085967
31 17.42732563793626355
32 17.70217629907443779
33 14.49720233429442828
34 12.01467439804437731
35 40.91398284800948204
36 30.41159470216413041
37 9.83349513589705282
38 56.65975608350694870
39 11.32560881983016898
40 13.41640786499873528
41 32.98810559570554801
42 3.36307122502026346
43 19.91170931268588618
44 5.29316818838540826
45 21.99046846371738440
46 18.55051140974842383
47 18.26726242671072953
48 5.95120237393955165
49 29.28645113847593962
50 20.08864488767753187
51 14.21636938091958768
52 15.33217007848546132
53 8.94427190999916633
54 25.54009800919283180
55 26.19819578855346620
56 11.94301123453206515
57 14.65791203818737642
58 1.29905978411312617
59 5.67424706091512121
60 4.98966582030739403
61 13.21073062226550121
62 26.70280587080191026
63 16.96088054916443610
64 55.14721824026851493
65 57.86572851290353015
66 40.70548243135027633
67 24.23381003879166329
68 16.44859015674711600
69 13.35839437187729573
70 0.24796954769489332
71 3.41192658636248325
72 4.82638361284114126
73 4.08618838346930602
74 11.76394215562156376
75 16.68567254155685831
76 12.06320034156975396
77 2.82723849341496702
78 18.67038053746078674
79 14.16746397013514525
80 1.71746478329703223
81 20.60212527026591545
82 24.89722681254640690
83 11.25268565898290518
84 30.42836152183605236
85 24.24005912522369499
86 35.72104704898379879
87 29.24055740221351130
88 15.20801577460854759
89 0.02762876081746413
90 7.07106781186547551
91 5.25958280974683134
92 5.81125594170489990
93 3.72522504115647735
94 20.85571773012287622
95 5.88491882310347592
96 7.22274294368145320
97 6.57755557587860551
98 3.30662669845407464
99 11.63495411031716742
100 5.65685424949236904
