1 5.20877166462964425
2 9.78471534257755593
3 9.00771213635151824
4 14.93845246985353015
5 16.12144992253743325
6 16.84571245759835634
7 11.18041578048735474
8 26.00753707903133716
9 21.17649248401816919
10 16.19980131293278092
11 29.60652566146170273
12 13.55868789459602652
13 -2.91796663931130240
14 26.12169675318446593
15 24.26164388118786874
16 16.52773196425787461
17 8.81742922459019951
18 5.64316655539694523
19 28.48758588597198127
20 18.68176668088022652
21 14.54631909069951590
22 15.96452309037144701
23 0.00000000000000000
24 19.81189186539025826
25 2.80031285127027019
26 15.39290070133127664
27 0.11458482868407671
28 0.00000000000000000
29 27.76145467868771632
30 15.00046196449165947
31 20.89643792630206676
32 19.32871237112862062
33 17.42583119919034829
34 17.06296489944623218
35 24.58177121551154443
36 17.36250451678502316
37 12.14695686247661044
38 30.74804092068956152
39 21.82545867260586547
40 14.03884688553209692
41 24.53133563226419156
42 14.83861237482878082
43 46.91526115349005011
44 0.00000000000000000
45 23.33371136652357336
46 22.31082531170973837
47 28.30577705850978987
48 0.86121727454880670
49 38.24809439168612357
50 17.24675952620146901
51 13.73263145163904042
52 18.80128236685126453
53 8.32183288946580113
54 27.37127034644116819
55 27.89456450657015907
56 13.63937995254876157
57 13.64823360597668156
58 1.39432952770624041
59 9.14335934928092442
60 -4.90048268812498833
61 15.66124625592786046
62 24.42646579733086298
63 4.38593456174760377
64 63.85050607386590116
65 58.07814319985376272
66 40.77427406860660142
67 57.63822459206900106
68 13.08228120807735451
69 21.88932828287210342
70 5.31177146489493879
71 6.12814076430817067
72 6.68574323869739473
73 11.29268453736425215
74 12.82558410777159708
75 23.72917778761223673
76 7.76193192609230564
77 6.68646622583001005
78 27.10159158016960745
79 13.43084297640977809
80 1.71746478329703223
81 20.51538176684605475
82 29.96820423459608662
83 13.67268077406823323
84 25.27137261620330122
85 22.04936749510911653
86 40.50906568325080315
87 31.07049680323141772
88 17.92515424571674387
89 3.37882009144430739
90 15.82040939229268517
91 6.31594148168906599
92 -3.43130249200996928
93 5.35077597581091524
94 20.97848782658785538
95 6.88651887785675143
96 10.32744427467818937
97 9.68190962624225904
98 6.66887461861980313
99 8.04307172548638505
100 1.59141127077960221
