1 4.06012251145062919
2 7.98839446191114888
3 4.53206514207753486
4 14.21142487935208898
5 8.84176794527031262
6 20.23283175765401154
7 17.30152344678556631
8 18.66206535888522922
9 17.48645603682893324
10 18.42402975609844873
11 24.94404069765278109
12 17.96179573623200554
13 0.37881359084651933
14 20.24186100434624791
15 32.86912344893541160
16 21.27751320350560604
17 16.04114854719115613
18 5.64316655539694523
19 29.92098751914817001
20 27.66384620274783401
21 16.34263997136593360
22 15.64423852314669183
23 39.73085379406259676
24 15.79359428174205959
25 17.81399207199539703
26 14.77046168079791499
27 0.18486144410054806
28 0.00000000000000000
29 27.94848501933243767
30 14.25592988719483145
31 17.50931862624641155
32 19.57073260809414705
33 13.69117424769854807
34 6.57616752415454897
35 40.98425946342595694
36 22.66414245530671678
37 9.83349513589705282
38 46.24430498425188318
39 12.26462657873197770
40 13.41640786499873883
41 23.33507205132745455
42 1.49529821382256500
43 26.31539614441443575
44 7.68665646419368898
45 21.31808656591116602
46 18.55051140974842383
47 26.15978122560601093
48 7.37795915786213641
49 27.85969435455335486
50 13.03608506177577908
51 13.25807169059709878
52 15.41416306679560932
53 8.94427190999915922
54 29.06125722304363990
55 28.55278688434563961
56 14.66431038947126453
57 14.37021611480007266
58 3.98024398330869644
59 5.75624004922526922
60 3.55251825447054159
61 14.95295788316885677
62 26.86472231797411325
63 9.21342830230702248
64 62.89467048712592145
65 58.69989110273583321
66 41.30117531890354599
67 11.79630129337968469
68 17.35943355350724460
69 13.51066397560390442
70 -0.52223048737617717
71 1.77173590993429286
72 5.76540137174297129
73 11.31506625816793310
74 8.78561447116625160
75 26.42385940279430301
76 3.31532410726337901
77 2.82723849341496702
78 17.09973389244941444
79 20.27830065492242539
80 1.71746478329704644
81 27.54986978600341985
82 24.22484491474016011
83 12.00706054509927867
84 30.34636853352590435
85 23.85298644184703676
86 34.41540087024033312
87 23.17388301003924767
88 15.19116587947418395
89 2.89153311057690621
90 7.07106781186547551
91 5.23943317932480568
92 5.89324893001503369
93 4.64379853652329189
94 20.77649060055553321
95 5.96691181141362392
96 7.22274294368144609
97 8.97104385168688623
98 1.70864593622473393
99 11.63218825157436243
100 5.96469980330168426
