1 0.03285403044165491
2 16.25364124455765591
3 9.53921539850328060
4 14.93845246985353903
5 8.15106749376327855
6 22.36067977499789805
7 19.42937146412945992
8 20.05951820479781134
9 17.66821715704169904
10 18.42402975609844873
11 27.13496227872440869
12 6.85663113710177186
13 0.26440490672738548
14 17.41319683651502714
15 34.74933252214918866
16 19.84036563766876782
17 15.13502909469998770
18 5.64316655539694523
19 32.11190910021979761
20 31.62277660168380322
21 8.07739318871942302
22 17.17119340783675341
23 31.63578020590406226
24 15.79359428174208091
25 18.54101966249684352
26 14.77046168079791855
27 0.18486144410054806
28 3.74626748610381100
29 24.67359394486393853
30 16.20201678432596637
31 15.38147060890252504
32 13.14755301258519182
33 13.50941312748579293
34 11.87412116721141331
35 40.98425946342595694
36 26.33673453923094598
37 9.86279907390704835
38 58.34637203543396566
39 17.37869010119757718
40 13.41640786499873528
41 24.94718025287687979
42 4.30082937376570840
43 19.54989022099099572
44 5.29316818838540826
45 20.96754094920051514
46 18.55051140974843804
47 20.29626756061016835
48 5.98050631194952587
49 29.25714720046595829
50 20.08864488767752476
51 15.20415858772821949
52 13.28631504945172281
53 8.94427190999915922
54 30.87674492654231528
55 26.41018595695383198
56 12.15500140293242382
57 21.55807153649797669
58 1.47234702338127477
59 3.88846703802754234
60 2.56859556913047271
61 13.51581031733201144
62 24.67380073690248565
63 12.88602038623125168
64 59.22207840320169936
65 55.89015009928623812
66 45.32844379991251316
67 16.19288469596298796
68 16.44859015674711600
69 11.31253934284355012
70 0.24796954769490753
71 4.39971579317114347
72 10.87946489420856011
73 10.75821186215446090
74 12.74756661209656983
75 18.32878581463575784
76 11.35082602774798488
77 2.89751510883144192
78 15.18815582865732239
79 12.77905788753979976
80 1.71746478329703223
81 21.58991447707456146
82 23.87429929802951634
83 10.22975814446603593
84 32.44491261285980244
85 25.95153052118092063
86 37.28853514368287136
87 16.61371547505498825
88 15.19116587947417685
89 2.47800295000437387
90 7.07106781186547551
91 6.45783545343850562
92 3.08771777007186188
93 3.50738925071973995
94 22.87226882114661919
95 4.09913880021589705
96 7.25204688169144163
97 6.46314689175946455
98 2.88571849591541962
99 11.37487910417100778
100 4.63188884506884335
