1 5.75417167295253762
2 16.25364124455765591
3 11.40131075250016579
4 14.72646230145316082
5 8.28160962166936088
6 19.51945336569269784
7 16.21575948660756339
8 20.17159368080229243
9 16.28274226009732217
10 18.42402975609844873
11 32.95109875222860296
12 17.81766743777804152
13 0.37881359084652644
14 19.99434823967406061
15 32.16818111899015520
16 21.76852125563857498
17 15.32777015522984954
18 5.64316655539694523
19 29.27068269091460095
20 25.96979704124592558
21 8.07739318871942658
22 16.12931102675265294
23 22.23031130364295649
24 17.06840225908898390
25 18.32902949409646709
26 14.77046168079791499
27 0.18486144410054806
28 0.54409977762965411
29 28.77153424246033353
30 14.74626527196512882
31 18.22269701820772525
32 18.80053257302307657
33 12.07175570418067423
34 11.94439778262790242
35 37.66820835943119050
36 23.36182447503195192
37 9.83349513589705282
38 42.29454153471552047
39 28.25002172134351497
40 13.41640786499873528
41 24.85021939913556110
42 6.88198077692474186
43 19.82920849270411168
44 18.37012033011255596
45 22.38815415385311880
46 18.84012543997064881
47 25.74001846589764497
48 5.95120237393955520
49 26.10481635692829272
50 18.99028861372889310
51 13.77989248122301547
52 16.12754145875692302
53 8.94427190999916277
54 27.93057754415069383
55 26.19819578855346265
56 11.94301123453206515
57 21.55807153649797669
58 1.59278821143887228
59 6.46961844118658291
60 2.27898153890826904
61 16.22649459873112576
62 18.85766426339829138
63 9.91111032203225761
64 65.37862324894832966
65 58.69989110273583321
66 39.60712615740163756
67 15.15100231487890170
68 17.58573764025659614
69 14.19255696170959880
70 0.24796954769489332
71 2.97544968666591103
72 11.82438642155135256
73 11.49114322109688402
74 12.20314508723822655
75 18.84972700517781163
76 4.97743233249024009
77 6.14328959740973346
78 12.52787295436603188
79 11.20284704164326683
80 1.71746478329703223
81 20.16564837056934323
82 25.29491250268211289
83 11.65037134911863959
84 29.63299014156458711
85 23.13960804988571951
86 34.41540087024031891
87 16.49327428699739784
88 15.56355144769087318
89 2.73831304221658201
90 7.07106781186547551
91 5.23943317932479857
92 3.08771777007188319
93 3.93042014456198530
94 20.06311220859423017
95 6.68029020337493762
96 7.22274294368144609
97 6.58358807981705496
98 1.21763788409176499
99 11.63218825157435177
100 5.96469980330169847
