1 15.50867743458808690
2 14.93709591038022566
3 -0.68382797969363907
4 14.93845246985353725
5 9.52579668098525900
6 18.78795564928614326
7 13.12265897217514166
8 21.94090281790660768
9 29.75184344321754182
10 18.42402975609844873
11 37.37331248447858911
12 11.55698864057234942
13 7.97951883740180090
14 11.61845509611032057
15 36.55233801467336718
16 14.91374724444643718
17 26.67551243815071871
18 13.82748658295724553
19 15.09396319702905842
20 13.79505733505851595
21 9.39393852289684972
22 8.74208568672094444
23 35.40784686613258714
24 17.82095777939958481
25 18.41699583942006058
26 16.01533972186463473
27 7.40712385108190929
28 -2.96320683174045740
29 30.35821587925934040
30 18.69902720325010392
31 9.93214711105432357
32 19.61069762260650151
33 2.31791498955131914
34 1.95504868980720659
35 37.27867566372175645
36 26.75431785321208622
37 16.19264521493996511
38 51.03518408727951794
39 21.31658628479472029
40 13.41640786499873883
41 20.35446122626667886
42 8.20917119695713637
43 22.70086687829115135
44 7.53300728896996574
45 20.05152465988717836
46 6.52261347156172633
47 30.08335796785997829
48 22.94029181898723024
49 18.39324829041337139
50 14.83574776477265544
51 23.40936878955716338
52 7.83699155160352223
53 8.94427190999915922
54 34.84159803732094929
55 26.41018595695381777
56 12.15500140293241316
57 20.58434784861066902
58 0.42077790721203812
59 0.42900238822550207
60 19.82521690579222806
61 12.05711864288582547
62 14.43545053114830523
63 0.22247648828357569
64 65.78973570416425787
65 11.53974187001588803
66 37.63010198112814209
67 8.60694567521410647
68 25.77918565628756653
69 3.10082928205879682
70 12.42270925388231007
71 45.51080841166606206
72 13.83838719982114540
73 19.99950049063107471
74 13.36005678298138122
75 24.23805017542340678
76 11.36899789597816124
77 7.67786071053944852
78 26.91584214102680406
79 14.66471081398637466
80 6.05358357275474646
81 24.34601080499425763
82 26.43729425690017720
83 9.40451283207546851
84 20.61539511956722137
85 20.36256439690864894
86 36.34546234224949046
87 16.83600278658735050
88 26.94720186927669658
89 6.49140375180558848
90 15.53842414081480428
91 6.31594148168906955
92 -0.82062405311953057
93 9.57176730668881248
94 23.94766222502345698
95 10.60856147943675509
96 7.35826987624258777
97 11.62570950940082781
98 10.83321883999738944
99 11.66955056860295770
100 12.48889674749271705
