1 0.03285403044168334
2 16.87608026509101578
3 12.49966702644880456
4 14.72646230145316082
5 8.87437924039329573
6 21.79820122476037625
7 18.86689291389192391
8 8.40743662472193876
9 17.42211618963116138
10 18.42402975609844873
11 36.50926826543153680
12 17.02676906546602709
13 0.05633108403713294
14 20.27447229946924523
15 32.51049607972834821
16 19.67953244127626533
17 15.32777015522986375
18 5.64316655539694523
19 14.89692678606193255
20 25.96979704124593979
21 8.07739318871942658
22 18.69155375216996617
23 27.17341374132608678
24 17.97838069161886665
25 18.32902949409646709
26 15.39290070133127486
27 0.18486144410054806
28 1.37583771019677314
29 20.73447801626436160
30 15.88563920149896802
31 15.94394915914004685
32 17.64174042693733213
33 13.14869733137512497
34 20.55491978954351850
35 28.01835677959777371
36 32.90058222709193103
37 9.83349513589705282
38 55.09136961664749066
39 21.66734980401292177
40 13.41640786499873528
41 25.86734985824966060
42 3.98582742204683527
43 20.11690441609140834
44 5.29316818838540826
45 21.24878022431927604
46 30.23189692783430615
47 30.94740218690703415
48 5.95120237393953744
49 26.10481635692831048
50 20.08864488767753187
51 14.88778100490123535
52 13.84879359968924462
53 8.32183288946580291
54 27.81149748393282550
55 17.04650853400183053
56 11.94301123453206515
57 14.37021611480007266
58 1.29905978411312617
59 6.44946881076457146
60 4.19090215514889053
61 13.35497712093950895
62 15.29949475019535754
63 19.44986807409223672
64 55.83986549688835055
65 56.45262864952377413
66 45.32844379991249184
67 25.94225904907798963
68 16.51886677216357668
69 11.94529450849753971
70 1.40676169378063065
71 4.08333821034413802
72 15.16812459702391180
73 9.85157374144942111
74 12.49687351456397266
75 12.94374610428793915
76 -0.19638801190955846
77 2.82723849341496702
78 23.84336823028012020
79 14.44657317952730580
80 1.71746478329703223
81 21.27353689424756311
82 24.15553857314827724
83 10.51099741958479683
84 31.91173800063226906
85 25.41835590895340147
86 36.69414872930797600
87 19.23408735045527962
88 15.19116587947419106
89 0.82639242597596763
90 7.07106781186547551
91 5.25958280974679582
92 6.58647769155435014
93 3.93042014456199951
94 22.33909420891909292
95 6.66014057295292616
96 7.22274294368144609
97 10.40819141752371735
98 1.04802846980841480
99 9.37635588167150047
100 5.65685424949238325
