1 5.29279782986793634
2 36.00000000000000000
3 -16.67242555650543068
4 17.01598527750163470
5 41.23105625617660763
6 22.36067977499789805
7 0.42434854762102248
8 4.53624162346102366
9 33.61297748822747877
10 50.99019513592784847
11 30.02068979428807793
12 30.00000000000000000
13 -2.02526173198579329
14 -17.91283119006812186
15 49.86297064592631045
16 58.30951894845300387
17 0.26200333128319286
18 31.62277660168379256
19 0.09630011211032397
20 55.40384802556867072
21 36.05551275463989214
22 6.52799143777028945
23 45.20100427875888727
24 4.24721693346747031
25 -16.43423746196048896
26 22.36067977499789805
27 10.00000000000000000
28 12.64911064067351809
29 35.57073077631363844
30 3.59348823859125588
31 34.92849839314595783
32 -25.07059654568738694
33 35.99333929691090361
34 -13.63283209891138625
35 77.39668726516623565
36 81.90134519037719940
37 12.44058152796598193
38 84.85281374238570606
39 67.94115100585212019
40 22.36067977499789805
41 40.80464768293352051
42 7.75560724051872086
43 4.13318338419325570
44 31.81912798352772498
45 -4.20924986700128301
46 52.53757589091783586
47 0.91550320249382366
48 -16.65151889280351938
49 73.89012226478757839
50 33.94112549695427816
51 16.37418924144091648
52 22.62741699796952233
53 8.94427190999915922
54 27.47708398121714879
55 11.37310999221666918
56 -23.22978653619705014
57 11.02577890433170893
58 18.11077027627483460
59 -49.29648034483403762
60 7.96367973046210409
61 7.26270167649096265
62 5.88300995875536259
63 2.84827471085881356
64 74.14544696846925831
65 35.66707116334187333
66 7.12872317687487111
67 0.00000000000000000
68 42.75511665286389729
69 24.33105012119287736
70 3.38008394320154082
71 -6.09418160350737281
72 34.50403450033323338
73 17.10212056481094933
74 15.43758959062947866
75 16.03221476061815309
76 31.30495168499705727
77 6.76425657465108543
78 20.31527703611476454
79 -3.68001919477030270
80 1.71746478329702512
81 55.17245689653488938
82 46.64761515876240594
83 0.00000000000000000
84 48.66210024238575471
85 46.04345773288535071
86 51.31723253561526832
87 36.76955262170046979
88 38.47076812334268681
89 2.91867962609383369
90 16.67204344239907599
91 5.23943317932480923
92 -39.47425472115273237
93 -3.60653429823441840
94 24.08318915758459156
95 29.73213749463701205
96 24.72902970658255128
97 34.40930106817050671
98 9.57974516135809040
99 34.98571136907180090
100 3.56062448046937163
