1 0.10313064585814402
2 10.41255013159059573
3 6.50706007997999336
4 14.93845246985353548
5 12.46004718114612686
6 20.31482474596415244
7 14.64952806885315084
8 22.80596061391604223
9 16.68042795023303526
10 18.42402975609844873
11 33.75488083967087505
12 13.11415271421005002
13 0.09111766745922978
14 27.32597286214906518
15 18.99546538354809400
16 14.11140835739266919
17 15.12257505182434159
18 5.64316655539694523
19 14.80886748308860490
20 31.62083806834031918
21 13.91848430168649031
22 16.95920323943635566
23 33.81065063658914482
24 23.06100920555778089
25 18.54101966249684352
26 14.77046168079791855
27 0.18486144410054806
28 4.73405669291246056
29 20.48363702958111787
30 15.14395096210085612
31 17.42732563793627065
32 11.92042278442649916
33 14.49720233429444249
34 12.01467439804437731
35 40.91398284800948204
36 34.28586922917311597
37 9.20526913864928176
38 48.44605005267559505
39 15.41580983891287104
40 13.41640786499873528
41 24.94718025287686203
42 14.21360539939973933
43 19.71072341738348399
44 5.29316818838540826
45 21.99046846371738795
46 18.55051140974842383
47 26.91618612155662049
48 5.96805226907387976
49 32.00358960958416787
50 20.08864488767751766
51 14.21636938091958413
52 15.33217007848546842
53 8.94427190999915922
54 22.45152840596708188
55 26.19819578855346975
56 11.94301123453206515
57 15.36575005206127287
58 1.29905978411312617
59 5.67424706091512121
60 5.00651571544170793
61 11.25268565898290873
62 18.05388217595601930
63 20.83515507617342166
64 48.53895534701696590
65 57.86572851290354436
66 45.25816718449603115
67 16.19288469596296665
68 16.44859015674711600
69 13.35839437187731704
70 1.47703830919707002
71 3.41192658636248325
72 8.91658463192385398
73 10.97020203055483734
74 12.92085385136471842
75 20.50365624532086173
76 5.09330445063972093
77 2.82723849341496702
78 18.39032353713147927
79 15.98122559601395665
80 1.71746478329703223
81 20.60212527026591189
82 24.89722681254638914
83 11.25268565898290873
84 30.41151162670171715
85 23.91812953502284955
86 35.41596735391727435
87 28.53271938833960064
88 17.92515424571674032
89 0.02762876081747834
90 7.07106781186547551
91 6.45783545343850562
92 3.37541369345918696
93 4.15246514310183557
94 23.29155997836858205
95 5.83847465050415337
96 7.23959283881576710
97 6.57755557587861972
98 8.92119495493700754
99 9.18226196693714058
100 4.45860160580069476
