1 0.03285403044166912
2 13.28832495614994258
3 0.10276736606852666
4 12.70468535816702627
5 12.65233763417163004
6 19.53928043934343606
7 16.69496187108536844
8 19.79356193738269809
9 15.99737187579399489
10 18.42402975609844873
11 32.15430846001714826
12 12.67249680680865964
13 0.09111766745923688
14 17.41319683651502004
15 32.80589564925567458
16 16.13009408814332346
17 11.55361391936718007
18 6.41871086201766872
19 30.52884682621064982
20 32.88192703680660145
21 11.04270947712713991
22 17.09675429607181485
23 34.19484304889834192
24 19.74245081970261140
25 16.30725255081033964
26 14.77046168079791499
27 3.00583955295348204
28 4.09857182329798064
29 27.34282553113959580
30 9.94586761730694491
31 17.42732563793626355
32 11.08963473371513686
33 9.29911898950051352
34 5.43510009556221974
35 39.15731582051721915
36 28.61722098420313642
37 10.34637943845227070
38 55.52233497017058994
39 12.93743042097349161
40 14.66128590606545856
41 26.29432734543763672
42 8.02665702022019900
43 19.86603032632694976
44 7.97435238758097853
45 25.81343941141253850
46 18.82225205165931214
47 21.70306828388166309
48 3.87049704321922405
49 30.72065725835676631
50 16.12475963588894956
51 16.16317369910564850
52 15.33217007848546132
53 7.69939386893243949
54 29.18384948431118175
55 24.75959591129190329
56 12.37785893760258915
57 23.50150840939149788
58 3.98024398330869644
59 5.67424706091512121
60 6.16453270285654042
61 13.47989564010456220
62 19.65445455560974608
63 12.63137126049529968
64 60.12322673977713805
65 60.03391596189929658
66 43.99441894074904269
67 21.95943869054121222
68 23.66375443514355226
69 13.42867098729375641
70 1.40676169378060933
71 3.26082007096923832
72 6.43820521398447454
73 13.65574145829654640
74 11.12628967129487023
75 21.95786458749905989
76 8.04133076933295854
77 3.32015727716024855
78 24.57254092659606926
79 15.88301994556382368
80 2.93531491349229867
81 22.54892958845197626
82 20.61146310982663721
83 11.40906143478097334
84 25.27414791579368014
85 20.10451516858388743
86 36.32933110735031335
87 14.10581851512755946
88 15.87972044348452982
89 3.69422393271455718
90 7.07106781186547551
91 5.23943317932480568
92 -1.37229336850951711
93 5.62387104970434848
94 21.52791730140758375
95 5.88491882310347592
96 8.39760982623060670
97 9.99292326720108548
98 9.51166243061115324
99 10.96275453903245989
100 5.67700387991439470
