1 5.29279782986793634
2 16.25364124455765591
3 11.75756334743800835
4 14.72646230145316082
5 12.65233763417162649
6 20.31482474596415955
7 14.64952806885315795
8 13.24897576725994597
9 20.01221967110369704
10 18.42402975609844873
11 25.02603368596292910
12 16.57028836953407591
13 1.14747633940146443
14 25.21066992690670361
15 19.19035373284030044
16 11.08053574972973365
17 15.06188797326859685
18 5.36194472245690079
19 26.27170300303910722
20 25.96979704124592558
21 8.07739318871943013
22 20.29464568965860849
23 10.70283033043097021
24 15.79359428174207380
25 18.32902949409646709
26 14.77046168079791855
27 1.82260400346928897
28 0.54409977762964701
29 27.22580830077799874
30 15.14395096210085967
31 15.78958307856752263
32 18.80053257302307657
33 10.30724541901161473
34 11.94439778262790952
35 39.29021030192404851
36 34.28586922917310176
37 9.99064384777804548
38 50.42105417117129207
39 31.91624240362550324
40 13.41640786499873528
41 27.47044179573830291
42 18.87915524611931062
43 18.79466356218790679
44 5.29316818838540826
45 21.99046846371738084
46 29.22095047020582115
47 15.04565935874267169
48 5.26228929813603941
49 26.79372943273179430
50 19.34654120866672855
51 15.36119315654303463
52 15.33217007848546132
53 8.94427190999915922
54 30.45276458974156952
55 26.19819578855346265
56 11.94301123453206515
57 22.32673428505290758
58 0.85985685249645627
59 5.67424706091512121
60 2.96789461471175997
61 10.37148213015387910
62 26.78272932966396525
63 20.83515507617342166
64 54.45457849480717982
65 55.08316217791134761
66 38.37445083898433040
67 23.01226260580889971
68 16.94150894049241174
69 10.57582803688510964
70 0.24796954769489332
71 4.55675036198592665
72 14.54568557649054839
73 8.87092082449414221
74 12.93607644618064256
75 11.96309318733266025
76 4.18938315122972682
77 2.82723849341496702
78 17.53215834271932039
79 11.63464362796594287
80 1.71746478329703223
81 22.48905272490016571
82 25.17844864548643358
83 10.56377258317939649
84 31.11727459763956816
85 24.46674379407970790
86 40.57638580277898654
87 16.45754289738488296
88 17.92515424571674032
89 1.36048689060958594
90 7.07106781186547551
91 6.45783545343850207
92 3.29970793847223121
93 3.50738925071973995
94 21.23955111085988179
95 5.88491882310347592
96 7.22274294368144609
97 5.85065672087463895
98 6.80589201969465663
99 11.25112072958016185
100 5.51496027774293296
