1 5.37167254043755804
2 6.68629150101524061
3 6.25001066643071823
4 14.93845246985353015
5 -56.83090176947787597
6 22.36067977499789805
7 30.06314136102965406
8 8.15048021235423015
9 8.92018917421570734
10 30.78729526626164770
11 25.67997742049234944
12 5.34426959215596042
13 -3.31447474274629705
14 -32.35853425211936241
15 18.47172933929344651
16 -1.95703278934810498
17 23.57463541406904284
18 31.62277660168379256
19 24.56103764500263154
20 35.12207344533288023
21 36.05551275463989214
22 0.00000000000000000
23 49.20312749936843488
24 -9.12984027214383786
25 -1.91701951636396117
26 22.36067977499789805
27 10.00000000000000000
28 12.64911064067351809
29 38.67981579003667747
30 23.79638810825742468
31 34.92849839314595783
32 -37.63044794296323659
33 19.26039875648368849
34 16.47472495171880524
35 26.70943562066301524
36 -15.23246992648589426
37 12.44058152796598193
38 84.85281374238570606
39 46.70601380599948271
40 22.36067977499789805
41 36.01131884163886099
42 41.22438135479969645
43 34.99306360895493384
44 16.69416383157778938
45 -17.36573991829202157
46 32.07397351051561429
47 68.41052550594828574
48 5.37190017922181795
49 62.09042552531332859
50 33.94112549695427816
51 23.93610479334184760
52 22.62741699796952233
53 8.94427190999915922
54 27.75635658900884550
55 16.16643883351132871
56 -18.43645769490240127
57 42.41702021096457287
58 13.50900918521111294
59 35.60898762952971452
60 8.33074075985319951
61 23.36467877869381482
62 0.00000000000000000
63 -0.78348298469788347
64 72.60314938350961711
65 48.30805548110712522
66 40.99253647941291234
67 0.00000000000000000
68 -6.16291374584162099
69 24.33105012119287736
70 3.45895865377116252
71 15.51706519644058346
72 32.57944408737178321
73 10.75821186215446801
74 13.36005678298137411
75 47.42345606725101703
76 31.30495168499705727
77 17.78450836482259945
78 36.01666537046705230
79 20.97571121307373687
80 13.01698918126022164
81 1.02686901376105766
82 46.64761515876240594
83 0.00000000000000000
84 48.66210024238575471
85 44.38718369273374265
86 69.77601716310125823
87 36.76955262170046979
88 38.47076812334268681
89 2.91867962609383369
90 54.60884998985743977
91 5.23943317932481278
92 -62.78688680393857879
93 -4.89574730899492749
94 24.08318915758459156
95 29.73213749463701205
96 27.67451675749466133
97 34.40930106817050671
98 42.52058325093859992
99 34.98571136907180090
100 2.27141146970886787
