1 4.65581539900389885
2 10.62454029999095440
3 5.33196996386772071
4 13.78154077411041101
5 12.75902795032116188
6 20.20813442981462771
7 17.21375255521844849
8 20.33445775390809729
9 18.32113195366018843
10 18.42402975609844873
11 22.45509417324041834
12 10.22443204737079725
13 0.26440490672737837
14 19.09211473834829320
15 27.44131367574923530
16 17.57838739598431488
17 15.31172856828164441
18 5.58009299166921124
19 29.89629019130879328
20 27.06815331519456436
21 13.70649413328612809
22 23.55982027128054312
23 32.24515615117044831
24 18.47129947536414818
25 17.38410796675371728
26 14.77046168079791499
27 0.18486144410054806
28 0.00000000000000000
29 23.64025512638346527
30 15.09060580402608664
31 17.53401595408579539
32 17.70217629907443779
33 11.03795361872892045
34 2.04509258921964943
35 38.79729151817876698
36 33.23222155362594776
37 9.83349513589705992
38 56.50332120192049956
39 11.74958915663090409
40 13.41640786499873883
41 31.33580711632068017
42 4.87752302218822109
43 19.71402315267118865
44 5.29316818838540826
45 22.04381362179214676
46 18.55051140974842383
47 15.61639945512615668
48 5.70556676283926834
49 29.53208674957621582
50 12.92094782509644801
51 14.16302422284481466
52 15.43886039463499316
53 8.94427190999915922
54 27.91629329859679842
55 26.19819578855346265
56 11.94301123453206515
57 12.75662056454742554
58 0.64786668409612957
59 5.78093737706465305
60 2.56859556913047982
61 11.06039520595737713
62 26.88941964581349708
63 19.78150740062625346
64 52.32659138880669758
65 57.97241882905306909
66 39.01143326984838211
67 22.58151155940676347
68 16.44859015674711600
69 13.46508468802683467
70 0.24796954769490043
71 3.35858142828770667
72 5.25036394964187991
73 5.95047703125450766
74 12.20314508723822655
75 18.93816175990214390
76 12.08013179891143807
77 3.32015727716026277
78 30.28630851080480113
79 19.05181597716256192
80 -0.41614063269538804
81 27.71647717477223694
82 25.01364553434888904
83 11.30603081705766755
84 30.32167120568653473
85 23.63485224431747866
86 34.92668665162028674
87 25.48562731555532679
88 15.25423944320191794
89 2.20306340089409503
90 9.53531700843845442
91 5.23943317932480568
92 5.91794625785442463
93 3.70082612040992132
94 23.94766222502345698
95 5.77805670204914890
96 7.22274294368144609
97 10.40819141752373156
98 5.81476105064005111
99 8.43631929926705482
100 5.85029111918255040
