1 3.63748034312177282
2 11.13957772209202801
3 6.66350372895346510
4 14.21142487935209076
5 13.65290411784859259
6 19.31425826228719700
7 13.64896158517619540
8 22.94358668563917547
9 17.02716928914552597
10 18.84667192442729799
11 23.60282503395711728
12 17.96179573623200554
13 0.09111766745922978
14 17.41319683651502714
15 33.90208022355780315
16 11.68569486345630537
17 15.12257505182434159
18 5.64316655539694523
19 13.05659655894734783
20 28.50913053940553965
21 13.19145671118505447
22 15.64423852314669716
23 29.71352005518987127
24 15.79359428174208091
25 17.81399207199539703
26 14.77046168079791499
27 0.60750361242939732
28 0.00000000000000000
29 20.27385664466827109
30 13.37400097118257492
31 18.42789212161322610
32 18.37789040469422730
33 13.72781882705310608
34 25.40321925020138139
35 27.45516138043601728
36 20.24307088039745750
37 9.83349513589705282
38 56.80217906099885283
39 22.28196031760470319
40 13.41640786499873883
41 23.33507205132746165
42 0.86442064184302581
43 19.69387352224914878
44 6.86666510083051662
45 22.69594680896138428
46 18.84012543997064881
47 42.71125539447352537
48 5.54081216712853575
49 28.63189789357005566
50 19.66752426992163549
51 12.37614277458484224
52 16.33273656216242387
53 8.94427190999915922
54 29.06125722304363990
55 28.55278688434563961
56 14.66431038947125387
57 14.37021611480007266
58 1.41671124850991248
59 6.67481354459208376
60 2.68937174571927784
61 11.06039520595739134
62 27.78329581334092779
63 6.79235672739775964
64 66.38068551375208415
65 58.27724893440698395
66 42.14645965556125162
67 11.79630129337968825
68 16.44859015674712310
69 14.42923747097071896
70 0.24796954769489332
71 2.23102265761770724
72 8.91658463192384332
73 11.31506625816793488
74 11.34914720596504267
75 23.27267614261341677
76 3.66623483665922834
77 3.32015727716024855
78 18.94684526095683452
79 17.79595133865063161
80 1.71746478329702512
81 21.79262939526312692
82 25.60270515779037837
83 11.54777379741587495
84 29.42779503815908981
85 22.93441294648022222
86 40.11465653307816126
87 19.31423742613777961
88 17.50251207738789105
89 1.91753262859455020
90 7.07106781186547551
91 5.23943317932480568
92 6.81182242538186244
93 3.72522504115647735
94 19.85515124644591367
95 6.88548530678043846
96 7.22274294368144609
97 11.79773266096596274
98 5.60120861343619936
99 11.63495411031716742
100 5.67700387991439470
