1 5.29279782986793634
2 10.62454029999096861
3 5.11326985141340984
4 14.72646230145315371
5 11.65680369691042273
6 21.31035868322536686
7 15.64506200611436526
8 22.53319647882812760
9 17.17819491886365313
10 18.42402975609844873
11 31.62156727778055654
12 6.85663113710175764
13 0.71934366470699018
14 23.83130260890849428
15 15.33165338126104515
16 16.10916174279307000
17 15.75080104907210199
18 5.64316655539691681
19 31.06158800844724510
20 26.43117088433052686
21 13.70649413328611033
22 18.01915408143820230
23 36.84090081367000380
24 20.30051172022841399
25 18.32902949409645998
26 14.77046168079791499
27 0.18486144410054806
28 3.09642505724593420
29 20.27385664466828530
30 15.64171793073146333
31 16.43179170067505623
32 14.92494498756975929
33 13.99943536566382818
34 11.94439778262790242
35 40.56161729509712188
36 20.10476901823976448
37 10.67955692358155062
38 51.11150841336600337
39 11.74958915663091830
40 13.41640786499873528
41 25.79514092647833934
42 18.42993764394761413
43 19.91170931268587907
44 5.29316818838540826
45 21.49270149508677363
46 18.84012543997064526
47 24.84456580713134599
48 1.33536147251108162
49 33.90229203990439544
50 19.45166245681349082
51 14.64385973413372710
52 14.33663614122425400
53 8.94427190999916277
54 27.34874436753038651
55 26.19819578855347686
56 11.94301123453206515
57 14.19995107786983723
58 0.64786668409610115
59 4.67871312365391390
60 2.27898153890824418
61 11.06039520595737713
62 20.18719573784633781
63 6.65405486524007017
64 65.45404392419288797
65 56.94047119105879062
66 40.06850000048623883
67 17.04084536956443685
68 17.15584920302761773
69 12.43313705003255265
70 3.66218329006360932
71 3.83941693957662267
72 5.25036394964189412
73 10.54622169375412000
74 13.14806661458098347
75 23.53390642240172781
76 12.49069069478390759
77 3.24988066174380208
78 19.09787089067492616
79 17.03293756686754890
80 0.42059153340672140
81 21.02961562348005842
82 24.39945984391581035
83 10.75491869035230508
84 31.42389545909727389
85 24.08445157973390849
86 36.23821405191035439
87 30.25515218060477451
88 17.92515424571674032
89 2.73831304221661043
90 7.07106781186547551
91 5.88780880699459175
92 2.91745273314165487
93 3.50738925071973995
94 21.85125166738408353
95 4.88938488584226860
96 7.22274294368144609
97 5.29813647861382719
98 6.42205863895765106
99 11.63495411031716742
100 5.65685424949236904
