1 0.03285403044166912
2 16.25364124455765591
3 5.28281837218970196
4 14.72646230145316082
5 10.95685458778448407
6 19.24981298591016809
7 16.31850467504169444
8 20.08882214280782819
9 16.44904785584419216
10 18.42402975609844873
11 28.89769403502280198
12 6.91681736088747812
13 1.03037398315093753
14 11.52137939388214249
15 31.16560938026519523
16 16.84788807057316973
17 14.94478561701807706
18 5.64316655539691681
19 16.31690454960522629
20 31.69111468375679408
21 8.07739318871942658
22 20.25891430004610783
23 26.85093123451667196
24 15.73006972735062448
25 18.32902949409646709
26 14.77046168079791499
27 0.18486144410054806
28 0.47382316221317922
29 20.12766125274316664
30 14.61144508207386394
31 18.49233739799025500
32 13.07921493051220097
33 15.02970821432142401
34 11.94439778262790242
35 40.68313367778782208
36 23.86903023313990246
37 9.06752605947350077
38 64.22744706044636587
39 21.04491078347955835
40 13.41640786499873528
41 27.43471040612580225
42 5.82400681833449596
43 18.79466356218792100
44 5.29316818838540826
45 22.52297434374437302
46 18.55051140974842383
47 38.55897641731576897
48 5.95120237393954454
49 29.28645113847593962
50 20.08864488767753187
51 13.61358688547613127
52 16.39718183853945277
53 8.94427190999916277
54 30.45276458974157663
55 26.19819578855347686
56 11.94301123453206515
57 21.55807153649799801
58 1.59278821143887228
59 6.73925882096911266
60 4.98966582030737982
61 13.51581031733201854
62 22.91106898060409236
63 10.41831608014018684
64 61.68978270929275709
65 59.00101688837396807
66 45.02731801427437119
67 17.73549332186912153
68 16.51886677216357668
69 14.49368274734774786
70 0.24796954769490753
71 2.80914409091904105
72 14.54568557649054839
73 8.90665221410664287
74 12.20314508723822655
75 11.99882457694516091
76 11.60097107695921892
77 2.82723849341496702
78 18.51491921958057674
79 20.48507285593927207
80 1.71746478329702512
81 19.99934277482245903
82 25.42973269257340974
83 11.78519153900990091
84 29.36334976178207512
85 23.13500100953923067
86 34.79377836810559188
87 16.49327428699737652
88 15.19116587947421237
89 0.02762876081747123
90 7.07106781186547551
91 5.39282369338451417
92 5.14826346738706775
93 4.31340468277376488
94 19.79070597006888477
95 6.94993058315746737
96 7.22274294368144609
97 5.93202768751266518
98 5.87323772972113289
99 11.63495411031716742
100 6.46286968154639396
