1 14.11177984536647756
2 18.99433830507767595
3 -1.32189717151648267
4 14.93845246985357278
5 15.81836832161553730
6 21.17011374605167617
7 8.30237469426184305
8 30.11260863325771808
9 23.13015871381479371
10 22.08701684610833382
11 31.08355854507504290
12 17.10054104493865168
13 3.61088126370623286
14 10.49878845414437478
15 37.49002958266920160
16 12.73699870583866378
17 16.03232990879756414
18 8.81026353979185828
19 19.11762763564433598
20 28.36691259211323057
21 18.49970021881232896
22 20.45597817645694505
23 34.96277304767589555
24 27.31951395888467005
25 10.75733281966116550
26 16.15086665442576930
27 0.11458482868407316
28 7.05763485931712609
29 26.10243586239812430
30 20.25423434718745597
31 14.30078468474989251
32 19.34426034155814023
33 18.58809837941487331
34 4.19831005767136389
35 42.09052061163652070
36 25.19060812416479678
37 16.60386141622474199
38 72.99950372587801439
39 21.82813137639008261
40 13.28088093243760426
41 19.28136778442398480
42 -2.61357900860497239
43 29.47365677228079761
44 -15.71579802795664449
45 26.02649648923268444
46 9.32667079018908751
47 32.71012481725364296
48 6.87780712604710232
49 30.58003851497058889
50 14.86211135309824982
51 15.48849095858993508
52 12.20562912529909028
53 8.94427190999915922
54 27.26290989431521439
55 32.56622017768980015
56 23.11315348234133893
57 19.23544007933005773
58 2.00319818855558740
59 1.57593208232849236
60 11.35227291461202270
61 4.11451219019467729
62 24.60089893893475477
63 7.40847540820784189
64 63.69045834320166222
65 54.04692793608897006
66 35.90248115163456077
67 10.04410320109860066
68 30.42818151777066049
69 24.27397645597532261
70 1.51384108683748764
71 6.12814076430817067
72 14.48437546100528550
73 10.75821186215447334
74 13.36005678298143096
75 10.29574914315966794
76 -1.38592960184547564
77 4.11992070544807376
78 24.11651584210909505
79 14.90956416118734040
80 1.71746478329703223
81 21.54668450607653085
82 22.77978756266974614
83 11.90396695473367039
84 28.77974323340269791
85 27.06238300535633101
86 46.66593928755222009
87 15.66479870652858253
88 27.39884857349442626
89 4.10924565504005379
90 7.05515277289162412
91 5.23943317932479857
92 10.00212615244257108
93 4.15246514310183379
94 24.08318915758459156
95 7.81947478554039321
96 9.51720435104030393
97 8.76270897533615134
98 8.77408469796884560
99 11.53402363604182312
100 9.19676747616139778
