1 0.10313064585813692
2 10.41255013159059217
3 9.43319143211845557
4 14.93845246985353548
5 10.35775571918953375
6 20.31482474596415955
7 14.64952806885315795
8 22.82281050905034192
9 16.68042795023306368
10 18.42402975609844873
11 25.02603368596292199
12 11.85032715106570578
13 -1.17565395072127643
14 17.41319683651503425
15 28.90824140918212493
16 19.67953244127626533
17 15.12257505182434159
18 5.64316655539694523
19 26.27170300303911432
20 31.62083806834032629
21 13.91848430168649031
22 16.95920323943635566
23 37.58283752088664187
24 21.43175110330963662
25 18.54101966249684352
26 14.77046168079791499
27 0.18486144410054806
28 4.73405669291243214
29 20.27385664466828530
30 15.14395096210084901
31 17.42732563793626355
32 11.92042278442650627
33 14.49720233429441407
34 11.94439778262790242
35 40.91398284800948204
36 34.28586922917310886
37 9.83349513589705282
38 58.37567597344395409
39 11.64362295461537400
40 14.66128590606545146
41 24.94718025287686203
42 3.30529543650450819
43 19.69387352224915588
44 5.29316818838540826
45 21.99046846371738440
46 18.53366151461410993
47 15.45335060160612528
48 5.96805226907389397
49 26.08796646179394685
50 20.08864488767754608
51 14.21636938091959124
52 15.33217007848546132
53 7.69939386893244659
54 26.64148532124990965
55 26.19819578855346265
56 11.94301123453206515
57 25.61338262657746867
58 1.07184702089682560
59 5.67424706091512121
60 4.98966582030738692
61 13.35497712093950895
62 26.78272932966397235
63 20.83515507617341456
64 54.45457849480717272
65 57.86572851290351593
66 45.25816718449603115
67 16.19288469596297375
68 16.44859015674711600
69 13.35839437187728862
70 1.47703830919707002
71 3.41192658636248680
72 5.14439774762634983
73 10.97020203055483734
74 13.14806661458101900
75 24.27584312961836588
76 6.35713001378405096
77 2.89751510883142771
78 18.60010392204435448
79 11.79126868073115730
80 0.42059153340672140
81 20.60212527026591900
82 24.89722681254638559
83 11.25268565898290518
84 30.42836152183603815
85 23.93497943015716345
86 35.41596735391726725
87 14.63840664118117019
88 17.92515424571674032
89 0.02762876081748544
90 7.07106781186547551
91 6.28454821417034282
92 5.63771924890088627
93 3.50738925071973995
94 20.85571773012287622
95 5.88491882310347592
96 7.22274294368144609
97 10.22423574852085437
98 3.30662669845409596
99 11.63495411031716742
100 4.63188884506885756
