1 2.28827562672466911
2 10.41255013159059040
3 12.49966702644878325
4 14.93845246985353192
5 12.46004718114612331
6 20.31482474596415955
7 14.64952806885315795
8 12.19620863201437544
9 18.15386424835336143
10 18.42402975609844873
11 38.51467676834768383
12 17.23606797749978625
13 0.37881359084654775
14 23.86014024022206570
15 22.46129800547510769
16 17.57724097931965446
17 15.41027097521165956
18 5.64316655539694523
19 24.16847851788011781
20 29.43569308747379409
21 13.91848430168648854
22 17.17119340783673920
23 37.47687131887111889
24 17.06840225908899455
25 18.54101966249683642
26 16.01533972186463473
27 1.65829774222085913
28 0.54409977762965411
29 24.67359394486393498
30 15.14395096210085612
31 15.95388933981595159
32 11.92042278442649206
33 13.02376603617411277
34 11.94439778262791663
35 39.44054654988917719
36 22.90045063194735064
37 9.52564958208770918
38 51.92873256973692264
39 11.53759898823052410
40 13.41640786499873528
41 24.94718025287687269
42 9.75223884021151832
43 19.40617759886183080
44 5.29316818838540826
45 21.99046846371738440
46 28.87256746826275844
47 28.94199368399088712
48 6.25574819246121194
49 25.80027053840663598
50 20.08864488767753187
51 15.68980567903990320
52 15.33217007848546132
53 7.69939386893244304
54 26.64148532124990609
55 26.41018595695382487
56 12.15500140293242737
57 26.15428460839830649
58 0.85985685249646160
59 5.67424706091512121
60 4.98966582030740113
61 11.25268565898290518
62 13.29408624727921051
63 9.44973647894765634
64 65.83999709203293094
65 54.91885591666290622
66 43.07302220362950607
67 16.19288469596298796
68 16.44859015674711600
69 10.41152177563667536
70 3.66218329006360932
71 4.88536288448280231
72 5.03837378124150170
73 10.75821186215446801
74 13.36005678298137589
75 24.16987692760284290
76 3.68790980451244721
77 2.82723849341496702
78 17.21751583350575743
79 13.26470497885150124
80 1.71746478329701802
81 22.07556156838623096
82 24.89722681254638559
83 11.25268565898290518
84 30.42836152183604526
85 23.93497943015717766
86 35.12827143052996348
87 18.47108368700654069
88 17.92515424571674032
89 0.02762876081746413
90 7.07106781186547551
91 5.23943317932480568
92 4.08325170733306919
93 3.81523480452908359
94 20.85571773012287622
95 5.88491882310347592
96 7.22274294368144609
97 5.85065672087464606
98 5.40891816041069262
99 11.63495411031716742
100 5.96469980330171268
