1 1.31182928140238886
2 13.53067736584181624
3 -10.02042405233584077
4 14.93845246985353015
5 9.76640339902466970
6 18.39212514047738267
7 12.72682846336638107
8 18.07060525557122332
9 19.37592298535818003
10 18.42402975609844873
11 31.90104753085876155
12 12.61899592081172727
13 3.61088126370623286
14 11.68314391998875479
15 35.13652649297853969
16 16.93350640545421015
17 26.01674636710355770
18 13.73667289462216701
19 30.78210775536904009
20 18.00041494775042850
21 10.80035706743525559
22 12.85258549755960900
23 32.85546600894691238
24 27.34291948537855177
25 16.92275841669335534
26 15.39290070133127664
27 0.11458482868407316
28 0.48894773365348243
29 32.70856503681622485
30 11.77526131078467841
31 14.54139140278930320
32 20.00652813141528696
33 10.30368816225615092
34 3.30424878917263243
35 34.72357718947041860
36 29.18548147771572587
37 18.00294044892062217
38 50.77877499912751347
39 24.44581215626681114
40 14.03884688553209692
41 24.01830724008386397
42 5.08933830264142095
43 23.63641541654140354
44 11.15781658868886872
45 19.54596090720006885
46 16.47097926853127348
47 11.96404978501634275
48 1.53903303483545528
49 39.79450707456514635
50 13.16979378809705281
51 27.38984436696321012
52 12.44623584333850097
53 8.32183288946580113
54 24.25762905110260448
55 22.09614144262589264
56 13.02679980512576918
57 20.18986413632483590
58 -2.50138725190264388
59 0.56564570572812123
60 14.40250545354955136
61 15.21128542881765355
62 19.90771548476813280
63 17.71730213761816231
64 48.29491005482967125
65 61.17797126636195060
66 36.03977368887662180
67 13.83838259798230297
68 16.58751410869681564
69 16.03561013761196108
70 8.21735164119037620
71 11.65975546075721780
72 15.77927841956930699
73 15.01720227759908255
74 13.36005678298135457
75 21.10882430395128750
76 16.86269738598760171
77 3.47250309784750044
78 25.77139135835583517
79 19.39157162068291740
80 1.71746478329703223
81 31.42322076924772034
82 26.68333173600460384
83 9.40451283207546851
84 23.61272716053300513
85 22.47708264964531821
86 34.98446925228888205
87 18.64629802056801111
88 22.73378808635047932
89 5.38536634160859506
90 15.14259363200604724
91 5.23943317932480213
92 5.22137400031090415
93 4.15246514310184978
94 23.06484843679430696
95 7.00509254948487481
96 8.24108366447173779
97 11.23122579711499647
98 11.93780284180602891
99 12.31175763879269702
100 9.19676747616139778
