1 0.10313064585814402
2 10.41255013159059573
3 11.35470310200194888
4 14.93845246985353015
5 12.46004718114612331
6 20.31482474596415599
7 14.64952806885315795
8 22.80596061391601381
9 16.68042795023305302
10 18.42402975609844873
11 30.39298260892830683
12 17.96179573623200909
13 0.09111766745922978
14 27.96522521366961200
15 13.21554831952227005
16 13.47215600587212236
17 15.12257505182434159
18 5.64316655539694523
19 14.80886748308861911
20 31.62083806834031918
21 13.91848430168649031
22 16.95920323943636987
23 33.81065063658913061
24 19.61626339981098965
25 18.54101966249683642
26 14.77046168079791855
27 0.18486144410054806
28 0.54409977762963990
29 24.67359394486394208
30 15.14395096210085967
31 17.42732563793626355
32 11.92042278442649206
33 14.49720233429442828
34 12.01467439804437731
35 40.91398284800948204
36 34.28586922917311597
37 9.66210351805963796
38 47.82364759628936213
39 15.41580983891287815
40 13.41640786499873528
41 24.94718025287687269
42 17.33984442474310583
43 19.69387352224916299
44 5.29316818838540826
45 21.99046846371738440
46 18.55051140974843804
47 26.91618612155662049
48 5.96805226907387976
49 35.36548784032672188
50 20.08864488767753187
51 14.21636938091958768
52 15.33217007848546487
53 8.94427190999915922
54 26.64148532124988833
55 26.19819578855348396
56 11.94301123453206515
57 16.60375206299590900
58 1.29905978411312617
59 5.67424706091512476
60 5.00651571544172214
61 11.25268565898291229
62 21.41578040669858751
63 20.83515507617342166
64 45.17705711627441190
65 57.86572851290353015
66 45.25816718449603115
67 16.19288469596296665
68 16.44859015674711600
69 13.35839437187729573
70 1.47703830919708423
71 3.41192658636248325
72 8.91658463192385398
73 10.97020203055483201
74 12.92085385136471132
75 20.50365624532085462
76 4.43561834390055765
77 2.82723849341496702
78 14.20036662184867282
79 11.79126868073116086
80 0.31456756702188216
81 20.60212527026591545
82 24.89722681254638559
83 11.25268565898290518
84 30.41151162670171004
85 23.93497943015716345
86 35.41596735391726725
87 27.29471737740497872
88 17.92515424571674032
89 0.02762876081747834
90 7.07106781186547551
91 6.44938253669955941
92 6.02909173214163019
93 3.67878086855716191
94 23.94766222502346054
95 5.88491882310347947
96 7.22274294368144609
97 6.57755557587860551
98 9.51400313385823893
99 8.54300961541657955
100 4.46705452253964097
