1 0.03285403044166912
2 12.43231467231949239
3 15.01822639206758936
4 12.91868792912464414
5 10.60648260513788443
6 20.66460101738775990
7 14.99930434027675652
8 24.84885657998517772
9 16.46319235008608217
10 18.36695534944612263
11 37.73811165805762613
12 16.35873776286292980
13 2.93903955199638034
14 17.41319683651502714
15 30.92800594991101804
16 20.70595845546522540
17 15.81677625178337721
18 7.33924531300708516
19 22.71135946477690837
20 25.91272263459359948
21 11.89871976095759010
22 16.24074401224135755
23 37.81081522537179751
24 18.22530570556133966
25 16.52125512176795041
26 14.77046168079791499
27 1.65235780190713655
28 0.10232263144581566
29 20.12766125274316664
30 13.45921900414727190
31 13.91397425109593655
32 24.27292592461630960
33 9.29911898950051352
34 28.65920970757272812
35 27.94808016418130592
36 23.30684878598279397
37 9.83349513589705992
38 43.79324979989898026
39 12.29542270810066640
40 14.66128590606545856
41 25.22431449064956865
42 3.62314623116642309
43 16.12002891691889062
44 20.60151708272349680
45 22.67817848156192895
46 15.76353452783196119
47 29.77563320093327448
48 6.92921456704659278
49 30.54212310876214787
50 22.92351472729296802
51 12.46136080754953923
52 13.28631504945172281
53 7.69939386893243949
54 28.23260377259344978
55 25.40160362416474271
56 12.80586407951781069
57 25.37939810873615443
58 3.98024398330869644
59 3.62839203188138271
60 4.98966582030739403
61 13.51581031733201144
62 14.12772576422159432
63 9.85613463298310677
64 60.01827999305660200
65 53.28457215779494760
66 50.74376274485339167
67 18.12946394311013876
68 16.44859015674711600
69 9.91531960045342942
70 0.24796954769490043
71 2.79499959667715103
72 5.79619750111163512
73 13.86974402925416427
74 11.34029224225248811
75 23.24188001324473873
76 0.00000000000000000
77 3.32015727716024855
78 19.77283124931790326
79 13.00514088074992003
80 1.71746478329703223
81 22.96533877544439406
82 19.66763508063382915
83 12.30630230756699817
84 28.68703485540741482
85 23.52541934781630317
86 34.31220607161736780
87 14.10581851512755946
88 19.62123300332687847
89 4.61475838370397362
90 7.07106781186547551
91 5.54579846304274326
92 3.76540091267117560
93 4.41942624111549875
94 22.70278418395673725
95 3.83906379406973741
96 7.22274294368145320
97 6.41081789053703233
98 4.73561579563972757
99 11.83374268551704489
100 8.21856048073361478
