1 30.46309242345563462
2 2.71365769300698645
3 14.92087051162659606
4 14.93845246985355146
5 -7.98074527344887841
6 22.36067977499789805
7 42.42640687119285303
8 -3.22275781787524807
9 29.92214444209475488
10 50.99019513592784847
11 -59.08454706151778169
12 30.00000000000000000
13 22.36067977499789805
14 -19.36433423454351299
15 14.49909553128521367
16 12.91179752151039395
17 48.52833374428712432
18 31.62277660168379256
19 64.03124237432848531
20 58.53596242107532532
21 36.05551275463989214
22 41.89186655241138624
23 59.39915207743121783
24 26.15994395099597369
25 -11.12897270932133864
26 22.36067977499789805
27 10.00000000000000000
28 12.64911064067351809
29 -26.13834603364913534
30 50.99019513592784847
31 34.92849839314595783
32 -38.42796853688378889
33 31.71117665360755922
34 22.97612327472131710
35 52.72471945550413608
36 25.39383646360359137
37 12.44058152796598193
38 84.85281374238570606
39 9.74777792083963490
40 22.36067977499789805
41 57.72347875864724642
42 -36.47956907943152771
43 13.01787290521269114
44 0.00000000000000000
45 1.59066183609271761
46 -2.52524871537469764
47 0.00000000000000000
48 39.65837482187455976
49 61.57828022874286944
50 33.94112549695427816
51 -37.94384591436561038
52 22.62741699796952233
53 8.94427190999915922
54 5.93340724325418023
55 52.14060333356577104
56 -4.17445311185634438
57 46.38965401897280572
58 15.34950249091811258
59 0.00000000000000000
60 22.98353375142507105
61 -22.92315153358672930
62 50.99019513592784847
63 59.15816842553689980
64 24.34748358674189106
65 61.68269733005405442
66 69.41975402211744495
67 0.00000000000000000
68 30.22803053513963079
69 24.33105012119287736
70 0.24796954769490753
71 -51.37621407822896913
72 8.91658463192385398
73 23.56410730390305019
74 13.36005678298139543
75 15.42192537520481466
76 31.30495168499705727
77 17.78450836482259945
78 57.94248459016910147
79 51.10772935672255102
80 1.71746478329702512
81 55.17245689653488938
82 46.64761515876240594
83 0.00000000000000000
84 48.66210024238575471
85 46.04345773288535071
86 49.90012659402933792
87 36.76955262170046979
88 38.47076812334268681
89 18.00000000000000000
90 23.51748510064474118
91 21.58181138463433868
92 36.76955262170046979
93 4.43702900343972928
94 24.08318915758459156
95 29.73213749463701205
96 27.49029749193928041
97 34.40930106817050671
98 0.00000000000000000
99 34.98571136907180090
100 11.60418778214352287
