1 0.03285403044166912
2 14.40520851199319807
3 0.63292866762478184
4 14.93845246985353015
5 12.48932443966748451
6 19.83663322544630603
7 14.17133654833530443
8 21.18273862003498209
9 17.98401898399222176
10 12.49383176980208532
11 35.90502072930977562
12 12.02531014770771378
13 -1.66958897881045232
14 19.04051676767151591
15 32.90089978958472727
16 11.31187522786584765
17 10.39474939404778908
18 5.64316655539694523
19 26.61244594622926485
20 28.11972825428746248
21 9.92582592128388796
22 17.98337431519753338
23 30.97490395192967583
24 8.01312706843069122
25 16.64719827726442603
26 14.77046168079791855
27 0.18486144410054806
28 3.70057035095194919
29 18.25630663035966350
30 14.79020204459260412
31 17.90551715845411707
32 18.20473416184521298
33 9.29911898950051352
34 11.94439778262788110
35 40.58320171340397309
36 15.36566575608874174
37 10.05014203453166211
38 55.79149839005701494
39 16.05781755178573178
40 13.41640786499873528
41 28.29783092040661074
42 5.92814930492217229
43 20.65073117447960271
44 7.05387483465509568
45 22.49793724275660622
46 21.35738762236745458
47 37.48184770932515875
48 1.33536147251108162
49 34.06798065059316372
50 16.58559654028119823
51 17.59497512530632335
52 15.81036159900331484
53 8.94427190999915922
54 34.99774281156793165
55 24.39927637993748988
56 10.14409182591609593
57 16.41861868445704431
58 2.87076642951280192
59 6.15243858143297473
60 3.61601589707866822
61 10.51518395252950278
62 21.83394027261348214
63 9.44973647894767055
64 62.49267369979651221
65 58.60803006901255685
66 45.42030483363578242
67 22.07936446159797583
68 20.25122143405857855
69 8.58433656000809719
70 0.44303773082193842
71 1.27417296277101144
72 9.55859234479671116
73 12.76912143917081721
74 11.34914720596504267
75 18.83747745668682683
76 0.00000000000000000
77 3.32015727716024855
78 25.72387624742358625
79 27.92123494303648101
80 5.36888793925852781
81 25.50062568514469774
82 25.07479515365008282
83 14.43088036488910930
84 31.11697432492186266
85 24.42655697945460957
86 41.60680056605254862
87 22.20318165352885842
88 17.92515424571674032
89 0.02762876081746057
90 7.07106781186547551
91 5.23943317932480568
92 1.46039783891542641
93 4.24760000431558638
94 23.06903274639491741
95 7.00090823988426258
96 8.10137242230999455
97 9.90996886754795625
98 9.09528694072499277
99 8.94344757352727093
100 3.91629723364470728
