1 0.03285403044166912
2 12.43231467231948884
3 10.52035833314198499
4 12.91868792912464770
5 8.43403929921580442
6 16.10712728662934268
7 10.44183060951834108
8 18.75388274342892458
9 17.32457978080320515
10 18.42402975609844873
11 36.24735587957231786
12 5.59802951604812904
13 1.70510900342308247
14 17.41319683651502004
15 30.92800594991101093
16 18.44198268132856811
17 13.55280047764673412
18 10.51566257706722496
19 26.43579940665548378
20 28.73439026544490105
21 11.89871976095759365
22 18.72874332708832057
23 32.83481659567789279
24 23.28547800828640391
25 16.52125512176795397
26 14.77046168079791499
27 0.18486144410054806
28 0.00000000000000000
29 25.38809578828792723
30 14.09405363116910337
31 16.76252707560080069
32 18.80053257302306235
33 12.78250644102720912
34 28.65920970757272812
35 24.46469271265461032
36 20.79945319301317852
37 9.83349513589705992
38 44.40481109049685671
39 14.78342202294761165
40 13.41640786499873883
41 27.71231380549652812
42 7.38854714383759870
43 20.26678026455729054
44 17.07713499306052540
45 20.17078288859229929
46 23.73573419191956901
47 31.20931457276625309
48 2.40126301877327819
49 32.41934893629353098
50 22.92351472729296802
51 13.09619543457137070
52 14.66737151614999846
53 8.94427190999915922
54 23.73687068691484825
55 25.40160362416474626
56 12.80586407951781069
57 25.37939810873616153
58 1.49224466846173698
59 5.91160699906737008
60 4.98966582030739403
61 13.51581031733201144
62 15.56140713605457648
63 7.34873904001348421
64 65.17640130676814181
65 57.62934704003876618
66 46.39898786260957309
67 20.61746325795708756
68 16.44859015674711600
69 12.76387242495829355
70 0.24796954769490753
71 1.93361216596002805
72 8.28419681595859103
73 11.38174471440719770
74 11.34029224225248100
75 20.75388069839778638
76 15.08468867081720077
77 3.32015727716024855
78 14.51239671377314266
79 14.77077142388121445
80 -0.33639471051170489
81 19.48195132391769846
82 29.80831483045657393
83 15.23463489121060377
84 28.26609786473343888
85 25.69786265373838319
86 38.74862515167610155
87 16.59381782997451893
88 22.79765026738702005
89 -5.77400604653530536
90 7.07106781186547551
91 5.23943317932480568
92 0.00000000000000000
93 2.15545046697886278
94 23.94766222502345698
95 6.12227876125572479
96 7.22274294368145320
97 5.15674912426336363
98 2.54393329666831391
99 8.30564967726433778
100 7.29099521587824739
