1 0.03285403044168334
2 10.62454029999096150
3 10.90811726264676906
4 13.78154077411040390
5 10.60648260513789154
6 22.36067977499789805
7 16.69538309788689645
8 22.17773461666823920
9 17.70335546474992228
10 18.42402975609844873
11 30.57124618600803245
12 17.40918593049198648
13 0.71934366470699018
14 22.00657566421384104
15 15.50191841819125926
16 16.93001176831451460
17 15.75080104907210199
18 5.64316655539691681
19 32.11190910021976919
20 31.69111468375677987
21 13.70649413328612098
22 25.54748517075231717
23 30.85768199065908846
24 15.89961824812693436
25 18.32902949409646709
26 14.77046168079791499
27 0.18486144410054806
28 0.54409977762963990
29 24.77961791124879909
30 16.16687847661774313
31 15.38147060890252504
32 13.07921493051222939
33 13.47427481977756258
34 11.94439778262788820
35 40.91398284800948204
36 20.22468436473561582
37 9.83349513589705282
38 40.75002246468000777
39 11.74958915663091119
40 13.41640786499873528
41 32.72328127683201160
42 18.25967260701738581
43 24.24686183618219104
44 13.14422855826975223
45 20.96754094920051159
46 18.55051140974841672
47 24.31940526124508750
48 5.95120237393955875
49 29.28645113847593962
50 20.08864488767750345
51 15.16902028001998914
52 13.28631504945172281
53 8.94427190999916277
54 29.50784306239881261
55 25.25327426121069863
56 11.94301123453206515
57 26.84664240720423578
58 1.29905978411309775
59 3.62839203188138271
60 2.56859556913047982
61 11.06039520595737713
62 21.23751682961886189
63 9.44973647894765634
64 62.65836231048528759
65 55.89015009928625943
66 45.32844379991249895
67 23.96898571991813043
68 16.51886677216359089
69 11.38281595826001791
70 0.24796954769487911
71 4.36457748546288471
72 5.25036394964188702
73 4.56300287074319044
74 11.55195198722124417
75 16.95049686043036985
76 3.96530063512371100
77 2.89751510883145613
78 15.11727016998068507
79 12.70817222886319087
80 1.71746478329702867
81 21.55477616936633112
82 23.87429929802954831
83 10.22975814446603238
84 32.47421655086980508
85 25.98083445919093748
86 37.28853514368288558
87 17.12753278818360769
88 17.92515424571674032
89 2.44869901199437123
90 7.07106781186547551
91 5.88780880699457754
92 2.74718769621141234
93 3.50738925071973995
94 22.90157275915661472
95 2.99300200638524672
96 7.22274294368144609
97 5.94932957863083800
98 6.44727040112069716
99 11.63495411031716742
100 5.65685424949238325
