1 0.10313064585813692
2 10.41255013159059217
3 9.22120126371807913
4 14.93845246985353015
5 10.60648260513789154
6 22.36067977499789805
7 16.69538309788689645
8 22.63267337464787232
9 17.70335546474991872
10 18.42402975609844873
11 30.76138332041048784
12 8.28835870952904941
13 0.26440490672735706
14 22.00657566421383393
15 24.31486258148331103
16 17.19481339189167812
17 15.29586229109247597
18 5.45302942099446142
19 31.92177196581731380
20 31.62083806834032629
21 13.91848430168648676
22 17.17119340783671078
23 26.81752986712557174
24 21.43175110330965083
25 18.54101966249683642
26 14.77046168079791499
27 0.18486144410054806
28 0.54409977762963990
29 27.84062334562983665
30 16.16687847661773247
31 15.38147060890252504
32 11.92042278442648495
33 10.30724541901162894
34 7.58901710571534238
35 40.91398284800948915
36 22.90045063194735064
37 9.83349513589705282
38 45.66643515228365402
39 22.19694043997608901
40 13.41640786499873528
41 24.94718025287684782
42 8.33093374298442768
43 19.52058628298101439
44 13.40903018184690865
45 20.96754094920051159
46 18.55051140974842383
47 21.56897450485864454
48 5.76106523953707494
49 29.47658827287840211
50 20.08864488767753187
51 15.23929689543646049
52 13.28631504945172281
53 8.94427190999916277
54 26.64148532124990254
55 26.41018595695383908
56 12.15500140293244158
57 27.28475396534587105
58 0.85985685249647048
59 3.62839203188138271
60 4.98966582030738692
61 10.87025807155492174
62 21.04737969521640650
63 9.44973647894765634
64 62.65836231048530180
65 55.81987348386978454
66 45.25816718449603826
67 16.19288469596295954
68 16.44859015674711600
69 11.31253934284355012
70 1.47703830919708423
71 4.43485410087935605
72 5.03837378124151769
73 10.75821186215448222
74 13.36005678298137411
75 24.16987692760284290
76 13.08612785608662676
77 2.82723849341496702
78 19.64895142869460898
79 12.81419619524805142
80 0.63258170180708362
81 21.62505278478278825
82 24.06443643243200370
83 10.03962101006357699
84 32.66435368527226046
85 26.17097159359339287
86 37.47867227808534807
87 17.22620564593980674
88 17.92515424571674032
89 -0.16250837358499837
90 7.07106781186547551
91 5.43287004901495862
92 3.76540091267114008
93 3.50738925071973995
94 22.90157275915661472
95 3.79261962147040776
96 7.22274294368144609
97 5.96506540499381543
98 5.64765278603552900
99 11.63495411031716742
100 5.65685424949238325
