1 30.46309242345563462
2 36.00000000000000000
3 14.16805365465287281
4 29.16096834950571548
5 41.23105625617660763
6 22.36067977499789805
7 42.42640687119285303
8 52.49761899362675166
9 26.82382579539815026
10 50.99019513592784847
11 66.32445326100467753
12 30.00000000000000000
13 22.36067977499789805
14 -68.34579236013445325
15 60.82762530298219872
16 58.30951894845300387
17 -45.97081732272899046
18 31.62277660168379256
19 64.03124237432848531
20 63.24555320336758513
21 36.05551275463989214
22 53.85164807134503917
23 72.11102550927978427
24 60.00000000000000000
25 -105.35848299750443857
26 22.36067977499789805
27 10.00000000000000000
28 12.64911064067351809
29 -37.91261529439967859
30 50.99019513592784847
31 34.92849839314595783
32 37.44817226976686442
33 16.29689110463898061
34 22.22330641774757609
35 46.53900501996156436
36 -4.85220039669006908
37 19.40099418756637917
38 84.85281374238570606
39 11.18164053032861460
40 22.36067977499789805
41 44.39907411205037135
42 -81.45815982288380042
43 61.99933103080363139
44 0.00000000000000000
45 58.30951894845300387
46 70.93659140387279649
47 0.00000000000000000
48 -59.27780524858128786
49 35.10545997667625784
50 33.94112549695427816
51 -31.00531462184931542
52 22.62741699796952233
53 8.94427190999915922
54 45.60701700396551672
55 30.27501290291391456
56 17.66899352666683853
57 46.38965401897280572
58 18.11077027627483460
59 4.74578779737808532
60 36.05551275463989214
61 -79.64200864594701557
62 50.99019513592784847
63 -39.77801164491894781
64 93.03762679690406401
65 27.55561122781861982
66 80.99382692526634742
67 87.72684879784523559
68 42.75511665286389729
69 24.33105012119287736
70 14.75820538338815169
71 -28.82320087914242279
72 44.94441010848846219
73 30.13240083587655249
74 49.19349550499537571
75 -62.21689764572848702
76 31.30495168499705727
77 39.39543120718441571
78 57.74228823256745358
79 51.10772935672255102
80 1.71746478329703223
81 55.17245689653488938
82 46.64761515876240594
83 0.00000000000000000
84 48.66210024238575471
85 46.04345773288535071
86 0.00000000000000000
87 36.76955262170046979
88 38.47076812334268681
89 18.00000000000000000
90 -41.33244546369775207
91 26.01884038807406796
92 36.76955262170046979
93 0.00000000000000000
94 24.08318915758459156
95 29.73213749463701205
96 14.41831848872445221
97 34.40930106817050671
98 42.52058325093859992
99 34.98571136907180090
100 7.16715877870379359
