1 30.46309242345563462
2 36.00000000000000000
3 44.72135954999579610
4 50.00000000000000000
5 41.23105625617660763
6 22.36067977499789805
7 42.42640687119285303
8 52.49761899362675166
9 64.03124237432848531
10 50.99019513592784847
11 67.08203932499368705
12 30.00000000000000000
13 22.36067977499789805
14 64.03124237432848531
15 60.82762530298219872
16 58.30951894845300387
17 60.82762530298219872
18 31.62277660168379256
19 64.03124237432848531
20 63.24555320336758513
21 36.05551275463989214
22 53.85164807134503917
23 72.11102550927978427
24 60.00000000000000000
25 67.08203932499368705
26 22.36067977499789805
27 10.00000000000000000
28 12.64911064067351809
29 59.66573556070519402
30 50.99019513592784847
31 34.92849839314595783
32 68.00000000000000000
33 49.51767361255978983
34 72.11102550927978427
35 82.07313811473277099
36 82.80096617793780922
37 42.42640687119285303
38 84.85281374238570606
39 67.94115100585212019
40 22.36067977499789805
41 57.72347875864724642
42 50.99019513592784847
43 68.35202996254024299
44 63.78087487640789988
45 58.30951894845300387
46 70.93659140387279649
47 68.41052550594828574
48 55.60575509783137704
49 87.86353054595518586
50 33.94112549695427816
51 53.85164807134503917
52 22.62741699796952233
53 8.94427190999915922
54 45.60701700396551672
55 60.92618484691126923
56 58.41232746604093506
57 46.38965401897280572
58 18.11077027627483460
59 35.60898762952971452
60 36.05551275463989214
61 50.99019513592784847
62 50.99019513592784847
63 69.85699678629191567
64 93.03762679690406401
65 99.85990186255942547
66 80.99382692526634742
67 87.72684879784523559
68 42.75511665286389729
69 24.33105012119287736
70 42.19004621945797595
71 79.32212806020775986
72 44.94441010848846219
73 40.24922359499621649
74 49.19349550499537571
75 55.56977595779921586
76 31.30495168499705727
77 39.39543120718441571
78 62.12889826803626647
79 51.10772935672255102
80 42.19004621945797595
81 55.17245689653488938
82 46.64761515876240594
83 42.19004621945797595
84 48.66210024238575471
85 46.04345773288535071
86 70.71067811865475505
87 36.76955262170046979
88 38.47076812334268681
89 18.00000000000000000
90 64.49806198638839305
91 51.22499389946278825
92 36.76955262170046979
93 40.49691346263317371
94 24.08318915758459156
95 29.73213749463701205
96 30.52867504494749440
97 34.40930106817050671
98 42.52058325093859992
99 34.98571136907180090
100 48.08326112068522917
