1 0.10313064585814402
2 10.41255013159059217
3 4.40702273079583051
4 14.93845246985353015
5 10.35775571918950533
6 20.31482474596415955
7 14.64952806885315795
8 22.46161977667183152
9 18.37447711173496145
10 18.42402975609844873
11 25.02603368596292199
12 6.85663113710177186
13 0.37881359084654775
14 21.75784877826544061
15 15.16138834433080262
16 19.37445274620976221
17 15.46691588906850967
18 5.64316655539691681
19 27.26899214121577586
20 31.62083806834031918
21 13.91848430168648676
22 25.93862765453122066
23 25.64340712885508822
24 16.11160841652728593
25 18.54101966249683642
26 14.77046168079791499
27 0.18486144410054806
28 4.73405669291244635
29 24.67359394486393853
30 15.14395096210085967
31 17.42732563793626355
32 11.92042278442649206
33 14.49720233429442828
34 12.01467439804437731
35 39.21993368650757361
36 20.96372671924891051
37 9.54960997589346761
38 43.73552268391394904
39 15.41580983891287815
40 13.41640786499873528
41 32.90243359221055641
42 17.05214850135581628
43 19.34953268500498780
44 15.58866953616499273
45 21.99046846371738084
46 18.55051140974842383
47 28.13939470573221513
48 5.95120237393953744
49 26.10481635692831048
50 20.08864488767753187
51 14.21636938091958768
52 15.33217007848546132
53 8.94427190999916277
54 30.87674492654230463
55 26.41018595695383908
56 12.15500140293242737
57 14.37021611480007266
58 1.64340062135729426
59 5.67424706091512121
60 4.98966582030738692
61 13.04989742587300583
62 26.78272932966397235
63 7.51301256624921621
64 67.77672100473137107
65 57.86572851290353015
66 43.56411802299412273
67 24.14813803529665392
68 16.44859015674711600
69 13.35839437187729573
70 1.47703830919708423
71 3.41192658636248325
72 8.91658463192385398
73 2.80295852282078783
74 12.57651301412053613
75 11.52423183022601094
76 11.35082602774798488
77 2.82723849341496702
78 15.89441578335058125
79 16.60544721365342014
80 1.71746478329703223
81 20.60212527026591545
82 24.89722681254641756
83 11.25268565898290163
84 30.42836152183606657
85 24.24005912522369499
86 35.37670621173963070
87 29.47160841174393653
88 17.92515424571674032
89 0.02762876081745702
90 7.07106781186547551
91 6.45783545343850562
92 4.08325170733307630
93 3.79127441072332516
94 20.85571773012287622
95 5.88491882310347592
96 7.22274294368144609
97 6.63420048973548404
98 3.30662669845406754
99 11.63495411031716742
100 4.80294244304486284
