1 1.33831108092894624
2 16.87608026509101578
3 7.81121255550801763
4 14.72646230145316082
5 10.38194521535726267
6 20.20813442981463126
7 17.27682611894617537
8 20.08882214280782819
9 16.62708279215829066
10 18.42402975609844873
11 33.20628664805684593
12 17.85850699803314612
13 0.37881359084653354
14 21.86453909441499377
15 30.87396587912062884
16 14.23416921625761233
17 15.32777015522985309
18 5.64316655539694523
19 15.62720084437219725
20 30.38565763326951696
21 8.07739318871942658
22 15.89775216601283603
23 32.38828025718593295
24 18.50019160722794354
25 18.32902949409646709
26 15.39290070133127486
27 0.18486144410054806
28 0.00000000000000000
29 30.13625654900335959
30 15.09060580402609730
31 17.53401595408578828
32 11.92042278442649206
33 9.91776183522728516
34 11.94439778262790242
35 40.61706474166214775
36 36.75011842574610910
37 9.83349513589705282
38 51.10781454589347561
39 18.32361162854036252
40 13.41640786499873528
41 23.99622151786237367
42 7.69641078391690669
43 19.82920849270409747
44 7.68665646419367476
45 22.04381362179215387
46 18.55051140974843094
47 26.36759192994259138
48 5.95120237393953033
49 29.28645113847596093
50 20.08864488767753187
51 14.09274760742836463
52 15.43886039463498960
53 8.32183288946580291
54 27.86084585203179032
55 26.19819578855346265
56 11.94301123453206515
57 14.37021611480006911
58 3.98024398330869644
59 5.78093737706464950
60 2.56859556913047271
61 13.43747794092128345
62 16.13822717099705528
63 23.29940427274641479
64 48.80869451668653625
65 58.04269544446951556
66 44.02298674942522894
67 14.91944345413907058
68 16.51886677216357668
69 13.53536130344328114
70 2.71221874426788645
71 3.28830481287126020
72 11.82438642155134545
73 11.72270208183670803
74 9.81568931536840239
75 19.08128586591763565
76 4.66252885559062236
77 3.19443321517877621
78 13.31714451677639488
79 15.65194849316468506
80 0.31456756702187150
81 20.47850349677469239
82 24.95057197062114795
83 11.30603081705766755
84 30.32167120568652763
85 23.82828911400766003
86 40.54944515938088045
87 20.67123491629211784
88 15.19116587947419816
89 2.44869901199437834
90 9.53531700843846863
91 5.92811424344673199
92 4.18994202348260103
93 3.93042014456198885
94 23.94766222502346054
95 5.99160913925300420
96 7.22274294368144609
97 8.97104385168687912
98 3.30662669845409596
99 8.43631929926705482
100 5.27601873917977215
