1 6.40595775823989300
2 14.09398900172650571
3 5.39029718769795352
4 14.93845246985353015
5 9.76280899544841141
6 17.47343932379775922
7 11.80814264668675762
8 23.08257421878639448
9 18.21337691280673710
10 7.81623450097106698
11 36.48185547135950912
12 17.85850699803316388
13 -2.34520350138498657
14 19.69273468581682351
15 32.26871877435235803
16 22.58533473028664673
17 11.98387973560744513
18 8.48455197756334201
19 17.60866691733872003
20 14.72487681609017507
21 10.23704543155056612
22 17.65211790201792752
23 18.50115369933045883
24 20.20432692121065799
25 24.63718555222746787
26 15.39290070133127664
27 0.11458482868408026
28 0.54409977762963280
29 29.24301246429343593
30 15.04094191047358287
31 20.47535730074616822
32 21.87017843116838378
33 18.66349723878253997
34 18.30063093903842741
35 28.19197191019483029
36 30.50992797430616577
37 11.02784495386836383
38 34.62709850966154335
39 0.00145352698440604
40 14.03884688553209692
41 27.65535499696031252
42 6.58036722306747635
43 21.40427197030025752
44 27.48813052365913734
45 22.62487069245773341
46 14.31075529995323414
47 34.42083938158360468
48 3.40268333458856986
49 27.32306151968465713
50 13.22316679494020519
51 18.13682486247424919
52 15.33217007848546665
53 8.32183288946580113
54 24.14380656731936625
55 25.02171540047083553
56 10.76653084644945224
57 23.41624626376145102
58 2.57958382215906568
59 5.67424706091512654
60 3.21613535301968057
61 14.95263895722361447
62 25.93470279939476697
63 14.99189195922898321
64 61.62811548834622499
65 59.55970098545947877
66 38.09553018939063662
67 41.99705244350212752
68 16.69248190276064037
69 20.20435869723478817
70 7.09297003811074056
71 6.12814076430817067
72 9.22733593161706978
73 12.47793883181708097
74 11.97158622649839899
75 19.16873386986645400
76 8.30997955693063517
77 3.32015727716024855
78 20.77216706028841031
79 14.49132013645962047
80 1.71746478329703223
81 23.05741671250160607
82 32.85773287331930703
83 14.21632744785175184
84 23.71155068770553243
85 21.73791449964286571
86 32.08215358851411736
87 15.80795619184488032
88 17.71850800507323243
89 6.81473781917294374
90 7.07106781186547551
91 5.23943317932480568
92 1.12914142573579568
93 4.72579152483343989
94 22.22685675961935203
95 7.84308422665982974
96 9.07907534164669272
97 10.29440078276876136
98 4.91516808750741063
99 10.26381508082068450
100 3.24068271107017836
