1 0.88552081850786379
2 12.43231467231949416
3 15.33453686606424071
4 12.91868792912464237
5 11.29796347643119603
6 18.13531371987754426
7 12.47001704276654266
8 17.24216167695065849
9 15.01151138972777943
10 19.93982041037621400
11 25.63412634333423767
12 10.76344965355212935
13 3.07898637550889376
14 10.77789596868443311
15 36.95972843762540094
16 15.37329263104798827
17 17.47751569324175591
18 6.62621389571476271
19 1.87693143210729119
20 27.48558769552371217
21 11.89871976095758832
22 16.24074401224135755
23 37.81081522537178330
24 9.97721186670449356
25 16.52125512176795041
26 14.77046168079791499
27 1.70065209837831333
28 0.54409977762963990
29 20.27385664466827109
30 10.26519458581591238
31 17.10799866942729608
32 25.84579098554638676
33 9.29911898950051352
34 25.29935352774616319
35 27.94808016418130592
36 37.50968485552224507
37 12.38433297940628819
38 55.70827001991369798
39 12.29542270810067350
40 13.41640786499873883
41 25.22431449064957221
42 2.10883175073571039
43 26.31539614441443575
44 4.98648367953131455
45 25.36334779502367809
46 25.74531851331909849
47 33.26149504220325781
48 7.69985560645415035
49 32.91721219121475883
50 22.92351472729296802
51 16.57958288609806630
52 16.52863376425425912
53 8.94427190999915922
54 29.82585719718402117
55 25.40160362416474271
56 12.80586407951781247
57 9.94203909576590306
58 3.98024398330869644
59 6.87071074668391901
60 3.15319172754288601
61 14.57660135571164162
62 24.65884601801489140
63 27.04698843067359348
64 39.68169607350593253
65 51.83289119743664486
66 51.34277691714549974
67 18.12946394311014586
68 16.44859015674711600
69 5.79709752190490235
70 0.24796954769489332
71 4.24668055703545377
72 5.79619750111164045
73 13.86974402925416250
74 11.34029224225248633
75 23.24188001324473873
76 6.43588108178650486
77 3.32015727716024855
78 22.98649203721936374
79 18.06130070236001472
80 1.71746478329703223
81 22.96533877544439406
82 23.92617432862023819
83 10.75146678469502604
84 25.00586322130841310
85 19.22230959463412958
86 36.40255318123207218
87 21.78345080601163275
88 18.90820158603455781
89 3.90172696641165118
90 7.07106781186547551
91 5.23943317932480568
92 7.00771962747368349
93 3.52932783906465986
94 21.39682438151423227
95 7.08138250887227372
96 9.77358078719067791
97 6.27087106702451180
98 3.07487635418136307
99 9.89738377315701356
100 8.66487258796405868
