1 5.07845756733272680
2 10.62454029999095440
3 12.49966702644880456
4 14.72646230145316792
5 11.65680369691042984
6 21.31035868322535975
7 15.64506200611435816
8 22.04828407642922627
9 17.60083708719247397
10 18.42402975609844873
11 26.02156762322412931
12 15.18516674165394420
13 0.37881359084655131
14 23.05689675598637223
15 23.47653165811117049
16 17.31698601477429378
17 15.41027097521165956
18 5.64316655539691681
19 25.27616906577790701
20 25.96979704124592558
21 13.70649413328612809
22 25.88801524461280223
23 30.51715191679863892
24 16.93855820618892238
25 18.32902949409647420
26 14.77046168079791499
27 0.60750361242937601
28 3.32072877220770124
29 25.81855786931078711
30 15.64171793073145977
31 16.00914953234623539
32 15.38631883065436057
33 13.57679319733499312
34 12.43731656637319105
35 40.49134067968066830
36 34.28586922917311597
37 10.29258267712178565
38 43.96688938488391329
39 11.74958915663090409
40 13.41640786499873528
41 33.06381135069248955
42 9.94452929323702506
43 19.97967382420573301
44 13.48475863213020887
45 21.49270149508677719
46 19.02049202384787918
47 16.75343035738900710
48 5.95120237393955165
49 26.10481635692829627
50 20.08864488767753187
51 14.64385973413373421
52 14.33663614122426111
53 8.94427190999916277
54 27.91629329859680553
55 25.25327426121069152
56 10.99808970718927981
57 14.37021611480007977
58 0.85985685249646338
59 4.67871312365392100
60 2.09861495503102446
61 11.06039520595737713
62 25.78719539240276504
63 20.83515507617342166
64 54.45457849480716561
65 56.51782902272995557
66 40.28284026302144838
67 24.30951579377858707
68 16.94150894049240463
69 12.01049488170372115
70 3.66218329006360932
71 3.83941693957662977
72 5.25036394964187991
73 4.22247279688273380
74 11.99115491883785722
75 16.60996678656991321
76 3.51520920694112249
77 2.82723849341496702
78 13.97581183436125229
79 11.56671389324374388
80 1.71746478329703223
81 21.02961562348006197
82 24.39945984391581746
83 10.75491869035230152
84 31.42389545909726678
85 24.42498165359433671
86 36.19176987931101763
87 30.04316201220440519
88 17.92515424571674032
89 2.91867962609383369
90 7.07106781186547551
91 5.50083456053480901
92 3.08771777007186188
93 3.55383342331906960
94 21.85125166738407643
95 4.88938488584227571
96 7.22274294368144609
97 5.85065672087464606
98 5.60120861343619936
99 11.63495411031716742
100 5.70329842209171289
