1 0.03285403044166912
2 16.25364124455765591
3 9.53921539850330191
4 14.93845246985353015
5 9.10829905886967595
6 21.09836851482497977
7 18.12275836722137257
8 9.50652210250699881
9 17.03706152695522746
10 18.42402975609844873
11 37.16983350359399196
12 16.14630803273334436
13 0.37881359084655486
14 20.66975919088300984
15 20.47342393744320077
16 19.67899856473135856
17 15.10572515669003479
18 5.64316655539694523
19 25.51332178263380968
20 31.62277660168379612
21 8.07739318871942302
22 17.98337431519754404
23 31.21179986910333781
24 20.02885388703448655
25 18.54101966249683642
26 14.77046168079791499
27 0.18486144410054806
28 0.54409977762965411
29 24.67359394486393853
30 15.57086115423950723
31 16.64378186907544332
32 11.91848425108301512
33 14.14056875757225384
34 11.87412116721142752
35 40.56161729509715030
36 22.90045063194735064
37 9.18841924351494299
38 55.11911361907598916
39 17.59068026959794651
40 13.41640786499873528
41 25.15917042127723136
42 19.27138591077636320
43 19.40617759886180949
44 5.29316818838540826
45 21.59869657928697251
46 29.17711328678436900
47 30.28683694874457899
48 5.95120237393958007
49 29.28645113847589698
50 20.08864488767753187
51 14.57300295764176035
52 14.54862630962464110
53 8.94427190999916277
54 26.64148532124988833
55 26.41018595695383198
56 12.15500140293243447
57 20.65143341579294400
58 0.64786668409609405
59 4.89070329205429388
60 4.98966582030741534
61 13.51581031733201499
62 14.63892951203290238
63 9.44973647894765634
64 62.65836231048530180
65 57.15246135945918127
66 45.32844379991250605
67 16.40487486436334308
68 16.44859015674711600
69 12.57485060301647373
70 1.47703830919708423
71 3.76856016308465769
72 11.09145506260892944
73 10.54622169375410579
74 13.57204695138174344
75 17.30461473887460500
76 5.89447247067703017
77 3.32015727716024855
78 14.55700019857084726
79 12.14790225745333885
80 1.71746478329703223
81 20.95875884698808989
82 24.50545492811597725
83 10.86091377455249329
84 31.21190529069685127
85 25.02360289408451521
86 36.21689489445731880
87 17.43819581434014765
88 15.23546771620934948
89 0.02762876081746413
90 7.07106781186547551
91 5.23943317932478436
92 3.29970793847224186
93 4.15246514310184978
94 21.63926149898369644
95 4.75038506312170128
96 7.22274294368145320
97 5.63866655247429094
98 3.35307087105341850
99 11.63495411031716742
100 5.96469980330172689
