1 4.58553878358743106
2 12.43231467231948884
3 18.57262104112040646
4 12.91868792912464770
5 10.55290831849778499
6 22.36067977499789805
7 16.69538309788689645
8 23.66695836795764407
9 13.13005118245506253
10 20.19328642244018823
11 29.82916931059211407
12 17.16207673465187611
13 0.09111766745922978
14 19.68092211998705920
15 33.63774017266067062
16 11.36844119414671184
17 11.71873936010761952
18 5.64316655539694523
19 31.08472930929394806
20 30.20321777415933440
21 11.89871976095759365
22 16.24074401224135045
23 27.79348148649908978
24 17.19649149801723453
25 16.52125512176795397
26 14.77046168079791499
27 1.95411811044228756
28 0.57921880506939161
29 26.44966591206396345
30 14.05016811016103162
31 13.61221394256078554
32 18.80053257302306946
33 9.58830778697912223
34 28.53743770280233605
35 27.94808016418130592
36 28.54624948006664198
37 10.27540793431575139
38 53.49070663157553440
39 22.31275644697338123
40 13.41640786499873883
41 25.22431449064956155
42 7.62281763873045293
43 19.62993338144997324
44 7.97435238758097853
45 21.83674150499371436
46 18.89322355579584212
47 17.34476087435990621
48 3.79952553908273671
49 32.48991392469849160
50 26.16159890234913377
51 13.05230991356329895
52 13.28631504945172281
53 8.94427190999915922
54 29.82585719718402473
55 25.40160362416474271
56 12.80586407951780714
57 20.40193860251446267
58 3.98024398330869644
59 4.67871312365391390
60 4.54488269076855733
61 10.57174991881036874
62 20.21033703869304077
63 12.63137126049529968
64 58.42494157757190720
65 28.56262955049530916
66 49.23503036186004067
67 18.12946394311012810
68 16.44859015674710889
69 9.61355929191827840
70 0.24796954769488622
71 27.80613100145539818
72 5.79619750111162446
73 13.86974402925416783
74 11.34029224225249166
75 23.24188001324474939
76 0.32644279816535970
77 3.03096847968163274
78 13.57259859476749853
79 8.64740725990816372
80 0.34968659446161610
81 19.43806580290962671
82 22.26302186682043427
83 9.08438045278237283
84 31.64649830834762412
85 25.41915865456541468
86 43.26138482115729289
87 16.37354379859959863
88 17.92515424571674032
89 2.04220700829434776
90 7.07106781186547551
91 5.23943317932481278
92 -2.65630879425519595
93 5.38777410482737196
94 22.84376684661082635
95 2.92565164094969532
96 8.32663832209408383
97 11.68077807443653171
98 10.13540335221412647
99 10.64243893109042460
100 5.67700387991438760
