1 4.65581539900390595
2 16.25364124455765591
3 10.55493967371408814
4 14.72344604948393965
5 10.68444834925914932
6 19.82729891950202017
7 16.89599060863357494
8 -1.24336169705729560
9 16.43666503700199399
10 18.42402975609844873
11 24.53850785950078972
12 13.52807590771812585
13 0.37881359084652644
14 22.24537460472759420
15 17.59714966951120374
16 19.37445274620974800
17 15.24943777881914286
18 5.64316655539694523
19 26.75922882950124659
20 25.96979704124591848
21 8.07739318871942302
22 19.89557851672243061
23 26.74850741692196721
24 23.08382811067725982
25 18.32601324212723171
26 14.77046168079791499
27 0.18486144410054806
28 4.97781960614351959
29 22.00579266228551489
30 14.90018804886978643
31 17.91485146439840292
32 18.80053257302308367
33 14.74096524752550152
34 8.21047589115530485
35 40.56161729509707925
36 34.28586922917311597
37 9.75516275948633904
38 53.19879968779985546
39 21.04189453151033717
40 13.41640786499873528
41 27.43471040612576672
42 20.51110695103015047
43 19.75087611629337658
44 5.29316818838540826
45 22.23423137694845408
46 39.96102762602425429
47 17.69981314138653516
48 5.87286999752883787
49 29.36478351488664629
50 20.08864488767753187
51 13.90232985227204665
52 15.81969590494760070
53 8.94427190999916277
54 24.04396065408796090
55 26.19819578855347686
56 11.94301123453206515
57 21.55807153649796959
58 1.58675570750040151
59 6.16177288737726059
60 4.91133344389667315
61 13.21073062226550121
62 27.27025515612610462
63 20.83515507617342166
64 51.27294371325952937
65 58.42353095478213021
66 40.70548243135026212
67 17.84394964340228285
68 16.51886677216359089
69 13.91619681375591000
70 0.24796954769489332
71 3.09788705771495643
72 14.54266932452131300
73 8.91268471804513496
74 12.20314508723824076
75 12.36819286420729469
76 4.67938125713163089
77 3.24988066174383761
78 20.35832688266861368
79 10.85577036664363249
80 0.93602635246185173
81 20.28808574161836731
82 25.14098972577745528
83 11.49644857221397487
84 30.01916807178464097
85 23.83086567517226939
86 35.10665849552685813
87 16.49930679093587571
88 15.19116587947418395
89 0.02762876081746413
90 7.07106781186547551
91 5.54727873313412800
92 4.02962304544542604
93 3.93042014456199240
94 20.36819190366073684
95 6.37244464956561529
96 7.14441056727072521
97 6.57755557587858419
98 3.30662669845408175
99 11.63495411031716742
100 5.65685424949238325
