1 0.03285403044168334
2 12.43231467231948706
3 15.10323903948284041
4 12.91868792912464592
5 9.52579668098525900
6 22.36067977499789805
7 16.69538309788689645
8 21.95764569943260369
9 14.11470959524368141
10 15.45838224017251150
11 31.11822215507523737
12 17.19719576209161360
13 -2.33340644141531151
14 18.56585721002964107
15 33.64022598217286486
16 14.15925033903718244
17 11.95581017316510142
18 6.72385247954957777
19 15.33327674218982395
20 28.72546716783084264
21 11.89871976095759543
22 16.77842425547437699
23 36.73545473890575863
24 15.79359428174207025
25 16.52125512176795041
26 14.77046168079791499
27 0.18486144410054806
28 0.00000000000000000
29 21.24677842003818640
30 14.68444452153360302
31 14.30078468474989251
32 18.93162413467329941
33 10.16953099175231401
34 28.65920970757273167
35 27.98235628212372461
36 23.81611771466986482
37 7.70541607319601596
38 59.35109466263038058
39 12.83310295133368584
40 14.46249733086558109
41 25.76199473388259165
42 4.70383215531906274
43 15.42229050358556464
44 3.89101184647747544
45 22.31621497583139302
46 22.87883339229998825
47 38.01421210545332485
48 1.33536147251108162
49 35.63744352709522900
50 22.92351472729296802
51 13.68658632493587035
52 12.20562912529909028
53 7.89818244413231696
54 29.82585719718403183
55 25.40160362416474982
56 12.80586407951781425
57 21.51451770295968657
58 3.44256374007566990
59 2.54770610772875017
60 -0.28385629375014076
61 13.36255906370083935
62 23.65618837647759420
63 14.98274587201235164
64 55.39020143022977294
65 29.14385275526848673
66 51.48020954865549470
67 18.66714418634315109
68 17.35327827694133518
69 10.30213003410739248
70 1.40676169378062355
71 28.54775495024390608
72 6.33387774434466522
73 13.33206378602113418
74 11.34029224225248456
75 22.70419977001171929
76 1.84546875086871864
77 3.32015727716025211
78 17.74902596182866077
79 11.17698211391176244
80 1.71746478329703578
81 20.44861470420987715
82 22.92080946691694265
83 10.10256205142597707
84 33.38081767998001226
85 26.88743558830114466
86 44.06767917489909081
87 15.79615913187520526
88 19.00584016986937286
89 2.91867962609383369
90 7.07106781186547551
91 7.27868547895997509
92 2.68471498851852175
93 2.68653922519827404
94 22.90157275915661472
95 2.75837786991710487
96 5.09466388098040568
97 11.14558364071570473
98 6.46850281155697360
99 12.71564003446979996
100 7.18341187814969828
