1 5.47167172841168625
2 14.40520851199319452
3 0.01271865688210738
4 14.93845246985353015
5 11.66573982066266524
6 18.85004758104460620
7 13.18475090393360460
8 21.42522173713548739
9 19.25819194676323320
10 17.30244938342652006
11 34.39954958036348387
12 11.53220395590010128
13 -1.66958897881045232
14 25.27272672861214176
15 26.66868982864410498
16 18.54119436587832936
17 11.38133503844949601
18 5.06206505349262414
19 28.75617080034606587
20 26.95915714726933743
21 9.92582592128389152
22 17.98337431519753693
23 10.70283033043097021
24 19.81609436102252886
25 18.54101966249682221
26 14.77046168079791855
27 -1.04420731740162864
28 6.21418381461801772
29 32.40326912293851080
30 17.25673455863130812
31 21.73209492777966290
32 19.80285656909087777
33 9.29911898950051352
34 4.59933033912121658
35 40.78897562027000845
36 16.28260424954957841
37 11.03672767893336015
38 47.93768659647550123
39 16.05781755178573178
40 13.41640786499873528
41 28.29783092040661074
42 12.16035926586279459
43 22.27233300712049413
44 7.05387483465508680
45 22.66093826815348677
46 21.35738762236745458
47 34.17870124464701576
48 1.33536147251108162
49 32.71234136044799357
50 14.80503768788069507
51 0.36831469448449639
52 16.79694724340501466
53 8.94427190999915922
54 32.87124614037025339
55 24.39927637993748988
56 10.14409182591609593
57 14.64604655404197331
58 2.87076642951279837
59 7.13902422583467455
60 3.61601589707867532
61 10.51518395252949745
62 18.53079380793533915
63 2.83189009654988411
64 70.46615937233947591
65 61.90137054354037360
66 36.68814666113794942
67 40.45761669786428172
68 22.56508931254947470
69 24.33105012119287736
70 0.24796954769492174
71 0.00000000000000000
72 9.55859234479670761
73 12.76912143917081366
74 11.34914720596504267
75 18.83747745668683038
76 8.65782400839596988
77 3.32015727716024855
78 18.71620729148536810
79 13.24096342436723717
80 0.31456756702186794
81 24.96731665905430475
82 25.65589665555439325
83 14.43088036488910575
84 30.95397329952498211
85 24.26355595405773613
86 34.21448040264318990
87 22.20318165352886197
88 15.08516212079289431
89 0.02762876081746413
90 7.07106781186547551
91 5.23943317932480568
92 3.23296996933049385
93 3.26101435991388655
94 22.08244710199322114
95 7.78689472589763554
96 9.08795806671169260
97 9.90996886754795625
98 7.48571583570679877
99 8.94344757352726916
100 3.91629723364471616
