1 0.03285403044168334
2 14.40520851199319452
3 3.88914501953318847
4 14.93845246985353015
5 13.13052915468949777
6 19.83663322544629182
7 15.04593704083062633
8 19.43353763504427434
9 18.18860462067412698
10 18.42402975609844873
11 37.06944851021744824
12 17.96179573623200909
13 -1.66958897881046653
14 25.75093041823729934
15 21.24824979788634494
16 11.31187522786584765
17 10.39474939404779619
18 5.64316655539694523
19 25.61370677601035339
20 24.81100489516019536
21 9.92582592128389152
22 17.98337431519753693
23 10.70283033043097021
24 22.75043750313332680
25 18.54101966249682221
26 14.77046168079791855
27 1.05946193659588417
28 1.06325005996414745
29 16.01369304419586115
30 15.52998236881199645
31 19.37586053644404060
32 18.80053257302309078
33 8.49935556121261016
34 11.94439778262790242
35 39.44403248015818519
36 25.20823167850240054
37 10.05014203453167632
38 49.08108473949123152
39 16.05781755178573178
40 13.41640786499873528
41 28.29783092040661074
42 17.58079929662055463
43 20.25046592720786975
44 7.45414008192683752
45 23.13914195777863370
46 21.35738762236746879
47 30.38722194212112271
48 1.33536147251108162
49 30.72065725835676631
50 15.85503348651064925
51 16.11541447686755646
52 15.81036159900332905
53 8.94427190999915922
54 23.50731121792755118
55 17.30238891111065413
56 10.14409182591609593
57 16.41861868445703365
58 2.87076642951279837
59 6.15243858143298894
60 3.84941167455200883
61 10.51518395252950278
62 14.73931450540944610
63 11.75751752550270623
64 63.53221604547788104
65 58.94743587397042006
66 45.08089902867790499
67 47.55450416669111746
68 20.38604160233454365
69 10.19871737672283984
70 1.40676169378062355
71 1.06958732608910623
72 9.55859234479670405
73 12.76912143917081366
74 11.34914720596504267
75 18.83747745668683393
76 -6.34154231198819218
77 4.11992070544815192
78 29.10565906683315518
79 29.82940470377604925
80 0.00000000000000000
81 26.09636857063928517
82 25.07479515365008638
83 14.43088036488910930
84 30.24237383242650168
85 23.78535226443258210
86 40.96559585103052115
87 22.20318165352886908
88 15.58021037523149488
89 0.02762876081746413
90 7.07106781186547551
91 5.23943317932480568
92 1.46039783891542641
93 4.24760000431557216
94 23.06903274639491030
95 7.00090823988427147
96 8.10137242231000343
97 9.90996886754794915
98 9.73649165574701314
99 8.94344757352726560
100 3.91629723364469839
