1 0.03285403044168334
2 17.08228387303722684
3 10.57284521684620415
4 15.08322564777755304
5 0.04983860961534958
6 22.36067977499789805
7 8.30237469426184305
8 -2.41031595550574451
9 6.73742309879008872
10 23.92430011290073111
11 32.64353265992947684
12 17.96179573623199843
13 3.61088126370623286
14 14.04120160043670040
15 35.57797515062875959
16 35.05368566390329477
17 13.15375421924299815
18 15.81138830084189095
19 24.53935226949604242
20 30.31127525196249906
21 14.10993312481761919
22 27.37846719445714427
23 21.02047127540392069
24 11.32120155124228233
25 8.24588612810042676
26 7.89971044034505354
27 0.11458482868407316
28 7.60651260798281292
29 34.75955845246960507
30 21.21681148100231695
31 18.06438862188616667
32 11.20539353287836803
33 14.67747518039206156
34 18.62809797994091809
35 37.66045683959265489
36 31.30500768063969019
37 15.33421030600911195
38 67.24961642483584967
39 15.47127023288084757
40 21.53203714651832001
41 22.36826702139221368
42 12.46485359033454188
43 13.82019974485993430
44 2.14513315421405792
45 35.01947173526214385
46 36.58930425982733681
47 29.31286743560681529
48 3.99923143649253632
49 32.41732178176298618
50 14.20370371120109354
51 28.10593542251159249
52 15.96923306243536445
53 8.94427190999915922
54 28.54447216347408300
55 27.67494760871714732
56 6.71510290055006465
57 22.41714562158613688
58 3.93378057764672917
59 31.11345890399064729
60 0.04274986570383987
61 11.83865897885353391
62 24.08221724684250376
63 23.49902504015487636
64 55.73877551993437152
65 54.28784155530362909
66 43.58839550176041655
67 37.60121219948892701
68 0.88861464801531653
69 14.06573397124367375
70 1.40676169378062355
71 12.28023860989245009
72 15.58631837337046022
73 11.36742879259128891
74 13.50482996090539700
75 25.37418174209919641
76 23.80449968690907525
77 4.11992070544815192
78 30.73202128595507432
79 14.66471081398638887
80 6.35377235604477164
81 23.21351489992432704
82 30.35662648467368285
83 9.40451283207547561
84 22.08415625371717539
85 23.44735799710264246
86 29.72728214170034988
87 26.37356024967848356
88 23.63524463635815209
89 2.91867962609383369
90 5.21786950609922684
91 5.23943317932480568
92 12.85573129141027238
93 4.15246514310184978
94 24.08318915758459156
95 18.30363625294903684
96 6.63862866148573971
97 -1.83993392844029202
98 -13.26633174193550602
99 7.77041969890554896
100 9.19676747616139778
