1 2.06315465582900970
2 13.76595314028796935
3 -8.48043193198409284
4 14.93845246985353015
5 10.35790345846851501
6 18.34821791083795972
7 12.68292123372695812
8 24.61864861430175466
9 19.57308967183947956
10 18.42402975609844873
11 42.35473273394858040
12 12.84454346462161567
13 3.61088126370623286
14 11.93208452972364242
15 34.18913263833408678
16 13.67123773473510084
17 28.22981139881348867
18 8.51531910149667937
19 20.32842255227922124
20 17.51197848863219875
21 10.56508129298910603
22 9.82526211148961437
23 33.96254018558639132
24 17.45122923766863465
25 16.45806390634408700
26 15.39290070133127486
27 0.11458482868405895
28 0.02889213186379891
29 25.14412657816273367
30 11.51237239547630331
31 15.13289146223314852
32 20.05043536105469570
33 10.79212462137437711
34 -0.42517916888939311
35 37.99294954574276773
36 44.59956964586982053
37 19.42717660931720758
38 53.70618878836363308
39 20.14544351470244976
40 14.03884688553209870
41 20.35446122626666465
42 10.57237657329642389
43 25.40321102664696085
44 6.21466657961230595
45 18.63104012423416123
46 7.70987087809076144
47 7.00364681995208116
48 19.07528861606304815
49 22.25825149333755348
50 13.16979378809706702
51 27.06123322282772392
52 13.03773590278234629
53 8.32183288946580291
54 33.92377175500263320
55 26.41018595695381777
56 12.15500140293242737
57 19.71302183057270341
58 -3.53915673295090727
59 -1.20114990437741431
60 12.90063753454379736
61 12.99822039710767285
62 9.45403028167831394
63 18.06772828094131000
64 47.94448391150652355
65 61.04652680870775328
66 35.68278168741257872
67 13.18232705892854995
68 15.63902204778892013
69 16.36422128174743307
70 8.70578810030862016
71 11.39686654544884092
72 15.54400264512317165
73 18.91632406586241189
74 13.36005678298137411
75 25.40919294551566310
76 8.41548909525328526
77 4.12972538611844442
78 33.79588541879899566
79 26.75884339285513391
80 1.71746478329702512
81 31.22605408276643146
82 31.35709269932566912
83 9.40451283207546851
84 26.95718051326526421
85 26.08191077007334258
86 36.03367289129806039
87 20.07053418096460007
88 22.18619525654605695
89 6.93114149025377202
90 15.09868640236662429
91 5.23943317932481278
92 0.77610521070412930
93 4.15246514310186399
94 23.32522320449009712
95 6.74471778178908465
96 7.98070889677594764
97 10.75438349136286220
98 11.68886223207113417
99 11.45988281165306155
100 9.19676747616139778
