1 5.77318108902310456
2 14.19276162190325152
3 12.60012894829674579
4 14.93845246985353015
5 10.53375243512758175
6 20.08433019642398776
7 14.41903351931298971
8 19.59341893204918961
9 19.03805067925998884
10 18.42402975609844873
11 35.33847709907640677
12 17.85850699803314257
13 3.61088126370623286
14 21.15624037444489147
15 32.68845289949478428
16 6.02864133980187233
17 19.92636341322939586
18 7.99224630398116531
19 26.86429492799622665
20 16.07554184527151619
21 10.13827281137382030
22 6.78398815020888080
23 31.77488318753620433
24 25.42749554602687923
25 9.89848026116368018
26 15.39290070133127664
27 0.11458482868407316
28 1.22135576382440192
29 31.65459042639720977
30 15.20455450671299147
31 16.52292792324278281
32 29.00478968497368015
33 18.19433316580517968
34 17.83146686606106712
35 26.17158017677932591
36 23.82317880701915414
37 21.57491912376527665
38 56.52783442646902046
39 23.18671747598319755
40 14.03884688553209692
41 20.35446122626667886
42 9.45859083247024657
43 28.35741445573267328
44 -8.78533833230005001
45 23.14095435655726618
46 11.18378076322746750
47 21.24416528308574215
48 20.62660841317890004
49 20.70693169622170160
50 18.41260682212348598
51 16.73620161655497540
52 13.21358487944141302
53 8.32183288946580113
54 19.33468835700180577
55 24.15652088380365825
56 14.76946688259789298
57 19.06595905496394039
58 2.97019967122587758
59 7.45492587744936674
60 9.59481927848010230
61 2.63213030371286161
62 16.47028591655048757
63 3.31190618495366351
64 62.70030600749417005
65 56.15222811092561273
66 39.14064374183401895
67 21.14195881402855548
68 14.67209016934513599
69 20.72348098695008645
70 10.14222474366931692
71 9.12327675561541795
72 15.11719416350788947
73 19.34313254747768696
74 13.36005678298137411
75 22.36791898423490110
76 7.19752250169884888
77 5.39737620032649090
78 20.85014490457750114
79 7.30263903039917395
80 1.71746478329703223
81 18.28031356854493694
82 29.96820423459608662
83 16.51955160608372708
84 26.41823761581568419
85 22.92068886873171962
86 44.86467849780717643
87 19.66885493139882968
88 19.06004650995038929
89 5.19502920466774398
90 6.14433207844762563
91 5.23943317932480568
92 -2.07004368863264787
93 14.00723292580169144
94 20.70294420059805063
95 6.13205975422672012
96 10.60298790066799413
97 12.65674247976793509
98 2.45787736351028840
99 13.90631283888604131
100 9.19676747616139778
