1 1.15967221503720985
2 14.40520851199318741
3 5.39029718769795352
4 14.93845246985352304
5 12.65233763417162649
6 19.32559323129142470
7 13.66029655418042310
8 22.66555905427724937
9 18.13527843679955254
10 15.79245860853838224
11 30.16888980614623961
12 16.90147778196010364
13 -0.40504180355377173
14 28.13726656515312641
15 25.04902803316984006
16 15.32596682955891865
17 8.36709948555096616
18 6.63239807006968363
19 35.14583662764162852
20 20.46949699967773384
21 11.17070396235060770
22 16.73849627413083851
23 5.56862085713391508
24 22.33070097131428611
25 23.67522913579385602
26 14.77046168079791499
27 0.11458482868407316
28 2.12356801423605646
29 29.28206170229702821
30 17.39539274288065940
31 17.42732563793625999
32 18.82970028970042975
33 15.77166252798694757
34 15.40879622824283501
35 31.12285585899401497
36 21.49364693844439245
37 7.33424705936666754
38 48.35614993863403299
39 16.05781755178571757
40 13.41640786499873883
41 27.05295287933990522
42 15.02489910240377924
43 20.04041238105754985
44 4.73824510676183763
45 24.83506454345083370
46 16.49611905164223202
47 27.17208026143057253
48 0.36220519312061583
49 29.09141010686450812
50 16.15405074373938987
51 15.89952174407793350
52 15.33217007848545776
53 8.94427190999915922
54 24.98736570401849377
55 13.22849739208552933
56 10.14409182591609238
57 24.75400584397224435
58 2.87076642951279837
59 5.67424706091511766
60 2.63928237650892328
61 9.82335509855260369
62 24.27144435704072123
63 9.01608906483516392
64 68.87604793702814732
65 59.01563166013620076
66 43.30276649458973282
67 51.62839568571627780
68 19.62336585155982505
69 19.58887634283912504
70 3.11669844170301857
71 6.71125932763503918
72 9.55859234479670050
73 12.76912143917081011
74 11.34914720596503201
75 20.08235549775354656
76 7.72658977440086403
77 3.32015727716024855
78 20.69406858428122575
79 11.48233771165324413
80 1.71746478329703223
81 20.08748352569882911
82 27.60388950416344755
83 11.48718384231493417
84 33.39210592134845257
85 27.09496550550385763
86 40.14559074502032843
87 13.86779449401366548
88 18.91438576038948227
89 2.67993438752541380
90 7.07106781186547551
91 5.23943317932480568
92 0.21551979784869957
93 5.30209363342194351
94 23.94766222502345698
95 6.12227876125572479
96 5.38547744714499999
97 8.64542169229127921
98 9.44868454718950090
99 8.54300961541659021
100 5.18084440890138609
