1 0.03285403044168334
2 14.40520851199319452
3 1.32061749626382152
4 14.93845246985353015
5 7.97506157209416511
6 20.31482474596413823
7 14.64952806885313663
8 22.61454004623566760
9 13.13005118245506253
10 18.42402975609844873
11 37.50605919253563059
12 0.00000000000000000
13 -1.46069124372492354
14 18.51921396244902951
15 34.74040462415617014
16 14.22501083784307596
17 9.91655787352995688
18 5.64316655539694523
19 25.17709609369217461
20 33.23277353258049516
21 9.92582592128388796
22 16.38531696252246661
23 23.69911663238603694
24 19.74245081970265403
25 5.54473336054176258
26 14.77046168079791499
27 0.18486144410054806
28 6.61504602086299087
29 19.98851467611594046
30 9.94586761730692359
31 17.42732563793628486
32 13.55976634679418424
33 9.29911898950051352
34 11.94439778262790242
35 42.02463651385613730
36 22.90045063194736485
37 9.06135451741003983
38 54.75754684623780122
39 23.02771061519186446
40 13.41640786499873883
41 26.69977356773154042
42 5.68670182302581395
43 22.20598552352130639
44 6.84497709956956157
45 18.16270427043749436
46 21.35738762236745458
47 29.95061125980294392
48 1.33536147251108162
49 33.90229203990439544
50 16.12475963588899219
51 16.16317369910559165
52 15.33217007848548263
53 8.94427190999915922
54 29.18384948431118886
55 24.39927637993748277
56 10.14409182591608527
57 20.26079421655457224
58 4.46882378218788290
59 5.67424706091514253
60 5.18120604333257262
61 13.42831956250673286
62 14.30270382309126376
63 9.44973647894767055
64 62.65836231048528759
65 57.16659526856037132
66 46.86173963408795373
67 33.48772363445815614
68 23.66375443514355936
69 13.42867098729382036
70 1.40676169378062355
71 6.12814076430817067
72 7.96053499212163018
73 14.36717879184589464
74 11.34914720596503201
75 20.43553480936190425
76 10.84304252355295262
77 3.32015727716024855
78 22.55023340121512376
79 23.23733080058742928
80 1.71746478329703223
81 22.54892958845192652
82 25.93484503299677613
83 13.03501605003061314
84 32.28225510104304874
85 27.01647175417231850
86 43.89501707925199980
87 14.92344393418480308
88 17.92515424571674032
89 0.77234093141479043
90 7.07106781186547551
91 5.23943317932480568
92 1.70184532081178475
93 4.72579152483339726
94 22.85998974058448852
95 7.20995124569469326
96 7.41428316670663889
97 11.29912848513751555
98 4.16308333225572014
99 9.63068209985553381
100 4.12519496873024138
