1 0.10119211251466709
2 10.41255013159060283
3 12.49966702644881167
4 14.93845246985353015
5 12.46004718114610910
6 20.31482474596415244
7 14.64952806885315084
8 19.78427632428616789
9 16.64528964252480847
10 18.42402975609844873
11 31.67301014719630814
12 18.22137087739924866
13 0.37881359084654065
14 24.87328071876902413
15 21.44815752692814215
16 16.76455251953024117
17 15.41027097521165956
18 5.64316655539692391
19 19.62472654180572817
20 31.62277660168379612
21 13.91848430168647610
22 24.13091280990921916
23 30.51715191679862471
24 16.67898306502165440
25 18.54101966249683642
26 15.03003682196517232
27 0.11458482868407316
28 0.54409977762965411
29 25.55898272814354399
30 15.17908926980909001
31 17.42732563793627065
32 11.92042278442648495
33 13.64695185872309224
34 11.94439778262790242
35 40.98425946342594983
36 23.33652435311290674
37 10.02363227029955794
38 42.77090342886515373
39 11.53759898823054186
40 13.41640786499873528
41 32.11888982334970422
42 10.76537931875850518
43 20.21625513120754647
44 12.62777931836451017
45 21.99046846371737729
46 18.55051140974842383
47 35.78366030514226281
48 6.25574819246119773
49 25.80027053840662177
50 20.08864488767754608
51 14.18123107321134313
52 15.33217007848546842
53 8.68469676883190544
54 27.91629329859680553
55 26.41018595695382487
56 11.94301123453207936
57 27.13958750829779376
58 0.85985685249644916
59 5.67424706091512121
60 2.56859556913047982
61 10.94760596391641627
62 20.13575286843058620
63 20.83515507617342166
64 54.45457849480719403
65 57.93600512832002636
66 45.26010571783950809
67 23.15260409803546793
68 16.44859015674711600
69 13.42867098729378483
70 1.47509977585361440
71 3.37678827865423159
72 5.03837378124151769
73 3.79849246008198804
74 13.36005678298137411
75 17.21015752553034872
76 4.21118151044154487
77 2.82723849341498124
78 14.16522831414038563
79 10.87074158974331439
80 1.71746478329703933
81 20.56698696255765668
82 24.89722681254640690
83 11.25268565898291229
84 30.12381570331439207
85 23.42998159287797222
86 34.92781941177241833
87 17.48578078710704631
88 17.92515424571674032
89 2.75324483051602442
90 7.07106781186547551
91 5.23943317932480568
92 4.08325170733306209
93 4.12732964866294338
94 20.55117191160120882
95 6.18946464162513621
96 7.52728876220310639
97 5.85065672087463895
98 6.11751282043599076
99 11.63495411031717452
100 5.96469980330171268
