1 30.46309242345563462
2 36.00000000000000000
3 44.72135954999579610
4 14.93845246985353015
5 41.23105625617660763
6 22.36067977499789805
7 42.42640687119285303
8 52.49761899362675166
9 -41.73624579315722372
10 50.99019513592784847
11 50.83495324694874995
12 30.00000000000000000
13 22.36067977499789805
14 13.11236746274934717
15 60.82762530298219872
16 38.77293656407417899
17 -9.80950699556952088
18 31.62277660168379256
19 58.07199369317986282
20 59.12905855926979370
21 36.05551275463989214
22 53.85164807134503917
23 72.11102550927978427
24 36.46557510698912097
25 62.91397458568853551
26 22.36067977499789805
27 10.00000000000000000
28 12.64911064067351809
29 59.66573556070519402
30 50.99019513592784847
31 34.92849839314595783
32 0.00000000000000000
33 0.00000000000000000
34 30.19243362263089381
35 82.07313811473277099
36 0.00000000000000000
37 0.00000000000000000
38 1.61311007389763716
39 -24.86643947245302044
40 22.36067977499789805
41 18.46781686838839320
42 0.00000000000000000
43 0.00000000000000000
44 63.78087487640789988
45 58.30951894845300387
46 21.44867969759916804
47 0.00000000000000000
48 -8.68284525784910244
49 0.00000000000000000
50 33.94112549695427816
51 53.85164807134503917
52 22.62741699796952233
53 8.94427190999915922
54 45.60701700396551672
55 0.00000000000000000
56 -3.08440556616943695
57 46.38965401897280572
58 18.11077027627483460
59 35.60898762952971452
60 36.05551275463989214
61 50.99019513592784847
62 50.99019513592784847
63 0.00000000000000000
64 68.00207243784528544
65 60.35741435134648469
66 80.99382692526634742
67 0.00000000000000000
68 42.75511665286389729
69 24.33105012119287736
70 0.24796954769489332
71 0.00000000000000000
72 44.94441010848846219
73 40.24922359499621649
74 14.41999201860982183
75 19.24126217715532405
76 31.30495168499705727
77 2.82723849341498124
78 1.71271815840947994
79 51.10772935672255102
80 0.00000000000000000
81 55.17245689653488938
82 46.64761515876240594
83 42.19004621945797595
84 48.66210024238575471
85 46.04345773288535071
86 0.00000000000000000
87 36.76955262170046979
88 38.47076812334268681
89 18.00000000000000000
90 0.00000000000000000
91 11.58519072450135923
92 36.76955262170046979
93 14.43364966357271584
94 24.08318915758459156
95 29.73213749463701205
96 30.52867504494749440
97 34.40930106817050671
98 0.00000000000000000
99 34.98571136907180090
100 21.60080844227650232
