1 1.00272936592834583
2 11.13957772209202801
3 4.25194489259779118
4 14.21142487935209076
5 14.35219135884779718
6 18.61497102128799241
7 12.94967434417699081
8 22.79518174823288490
9 16.67752566864592012
10 18.42402975609844873
11 23.32617996128676907
12 17.96179573623200554
13 1.24766119311165369
14 17.41319683651502004
15 26.04985684937055623
16 15.52911975964250857
17 14.42328781082513700
18 5.64316655539694523
19 26.55723565770045269
20 30.72123934827011738
21 13.19145671118505447
22 15.64423852314669716
23 36.57967053388171053
24 18.47129947536416239
25 17.81399207199539703
26 14.77046168079791499
27 0.18486144410054806
28 -2.46859509949777589
29 24.83572809537892567
30 13.44699951901181834
31 19.12717936261243068
32 17.41073437918748823
33 12.77760453666448370
34 12.41473823692037115
35 28.06642969343120342
36 24.37354797488105262
37 9.83349513589705282
38 43.58642003082290728
39 15.41580983891286394
40 13.41640786499873883
41 23.33507205132746165
42 4.30082937376570840
43 18.53732999659672487
44 20.08242413100646218
45 23.74487767046018760
46 18.55051140974842383
47 26.91673265086375721
48 4.14223768513012658
49 31.27542515892631059
50 16.08319134159526698
51 15.11500435274614063
52 17.03202380316162845
53 8.94427190999915922
54 26.38355202942156552
55 28.55278688434563961
56 14.66431038947125387
57 30.25754720927661623
58 1.41671124850991248
59 7.37410078559128834
60 3.20832989231541887
61 11.06039520595738423
62 28.48258305434012527
63 10.92283382188135477
64 61.00525563591064326
65 58.69989110273583321
66 44.35856846442582935
67 11.79630129337968114
68 19.55250644941570215
69 12.46266168163787569
70 -1.41962540399180170
71 2.58066627811730598
72 8.91658463192384332
73 11.31506625816793488
74 11.34914720596504267
75 23.27267614261341677
76 7.27789199698125344
77 2.82723849341496702
78 28.20531958466591504
79 19.06444811418205632
80 1.71746478329701802
81 21.50076024209246839
82 26.65163601928918879
83 11.19813017691626911
84 28.72850779715989233
85 22.23512570548102474
86 34.41540087024033312
87 13.08393909961334600
88 17.92515424571674032
89 0.00000000000000000
90 7.07106781186547551
91 5.23943317932480568
92 5.80428231811976048
93 3.02593780015727276
94 20.14440057397755979
95 7.58477254777964305
96 7.22274294368144609
97 6.40751111688809516
98 7.45703938008782430
99 10.64641754178631672
100 6.83354740556681861
