1 0.10313064585814402
2 10.41255013159059217
3 12.49966702644879035
4 14.93845246985353015
5 12.46004718114611620
6 20.31482474596414534
7 17.07897061657399007
8 9.46222026577183328
9 16.68042795023304592
10 18.42402975609844873
11 25.02603368596291489
12 17.96179573623199133
13 0.37881359084654775
14 19.19897685940262022
15 27.12246138629453185
16 17.50927646779980051
17 15.41027097521165956
18 5.64316655539692391
19 29.69843468893663641
20 31.62083806834031918
21 13.91848430168647255
22 17.59517374463744943
23 10.70283033043097021
24 17.06840225908900521
25 18.54101966249683642
26 14.77046168079791855
27 0.18486144410054806
28 0.54409977762965767
29 25.81855786931076580
30 15.14395096210085256
31 17.42732563793627776
32 11.92042278442649916
33 13.35223840984759391
34 12.01467439804437021
35 40.91398284800948204
36 23.33652435311292095
37 10.29258267712179986
38 56.01639972521245170
39 11.53759898823054186
40 13.41640786499873528
41 25.15917042127723136
42 3.36307122502024924
43 19.97967382420574722
44 5.29316818838540826
45 21.99046846371739150
46 29.17711328678441163
47 25.70995215801134037
48 5.95120237393953744
49 29.28645113847593962
50 20.08864488767753187
51 14.21636938091958058
52 15.33217007848547553
53 8.94427190999915922
54 27.78644924569672980
55 26.41018595695383908
56 12.15500140293243447
57 27.39916264946504043
58 0.64786668409610826
59 5.67424706091513542
60 2.33736019359943015
61 11.25268565898290518
62 26.78272932966397946
63 9.88581020011322664
64 62.22228858931973150
65 57.86572851290353725
66 45.25816718449603115
67 42.96692568440310822
68 16.44859015674711600
69 13.35839437187730994
70 1.47703830919708423
71 3.41192658636248325
72 5.03837378124151769
73 10.54622169375412000
74 13.57204695138172923
75 23.74589659080211135
76 4.43561834390056475
77 2.82723849341496702
78 14.20036662184868703
79 10.64630475628431583
80 1.71746478329702512
81 20.60212527026590834
82 24.89722681254641401
83 11.25268565898291229
84 30.42836152183604526
85 23.42944771633312939
86 35.19623594204982453
87 17.43819581434019028
88 15.49571169799589399
89 2.67993438752542090
90 7.07106781186547551
91 5.50083456053482678
92 5.81125594170491411
93 3.55383342331904828
94 20.85571773012286201
95 5.88491882310349013
96 7.22274294368144609
97 5.63866655247426252
98 5.40891816041067131
99 11.63495411031716742
100 5.70329842209169158
