1 0.76443502278485909
2 14.40520851199319452
3 2.05804299790816714
4 14.93845246985353015
5 12.65233763417163004
6 20.31482474596415955
7 14.64952806885315795
8 19.43954433251133906
9 13.13005118245506253
10 17.29202354952792575
11 26.15803989253345208
12 13.62661801326859745
13 -1.13346211273001529
14 24.10954215210534812
15 27.83187440515089861
16 15.32596682955891509
17 10.05224678149969009
18 1.48108728856617589
19 14.80886748308860490
20 22.94741769624649663
21 9.92582592128388796
22 17.98337431519754404
23 10.70283033043097021
24 23.81213051113677537
25 23.99470962878114477
26 14.77046168079791499
27 5.59467974493043840
28 5.39842778292756265
29 28.96338933295515261
30 17.98792434087159364
31 17.42732563793626355
32 19.93854547706067848
33 21.44905184997190162
34 10.23096749876325617
35 38.35192513743771769
36 23.96364944970256516
37 9.17151255590312076
38 51.12291096373387234
39 16.05781755178573178
40 13.41640786499873883
41 28.29783092040661785
42 10.99717468935600095
43 20.19253058164528625
44 6.57551060329828374
45 22.94878051258752549
46 21.22169871439770716
47 42.43063676637564186
48 1.47105038048086101
49 30.59097504785404453
50 12.52790197071855616
51 17.33473611135736547
52 15.33217007848546132
53 8.94427190999915922
54 26.78079593288751425
55 16.18387666778975387
56 10.14409182591608527
57 16.70318595144256335
58 2.87076642951280547
59 5.67424706091512121
60 2.03850946716093162
61 10.26362435343458657
62 26.78272932966396525
63 10.37724638873308436
64 64.90648048478044529
65 62.10136385063531606
66 41.19539005966983325
67 43.21932644372769516
68 15.99721707853899133
69 15.47844687325234503
70 2.13834268612379930
71 6.12814076430817067
72 9.55859234479670761
73 12.76912143917081721
74 11.34914720596503201
75 18.83747745668682683
76 6.95654432685087087
77 3.77153035536837322
78 18.96150040465898101
79 9.36928563621761157
80 4.65795672738098077
81 21.21101867154741782
82 27.60214998871245129
83 13.81373712806024656
84 31.22605629006913475
85 25.39373286267392160
86 38.30832524848387521
87 21.91861438654333938
88 17.92515424571674032
89 2.67993438752541380
90 7.07106781186547551
91 5.23943317932480568
92 0.63970370584947034
93 4.72579152483343989
94 23.94766222502345698
95 6.12227876125572479
96 7.22274294368145320
97 10.19453613453347884
98 9.60080274777723730
99 8.54300961541658666
100 4.45242409972514963
