1 5.29279782986793634
2 10.62454029999096150
3 6.97947746742303998
4 14.72646230145316082
5 8.26545651755645139
6 22.36067977499789805
7 16.69538309788689645
8 12.19620863201436123
9 20.01221967110370059
10 18.42402975609844873
11 30.57124618600802535
12 8.87372149470297344
13 0.37881359084654775
14 17.41319683651503425
15 29.12023157758249425
16 19.26004406209059283
17 15.75080104907210554
18 5.64316655539692391
19 32.11190910021977629
20 26.43117088433052686
21 13.70649413328611743
22 17.80716391303784008
23 37.05289098207039444
24 17.23715972942289909
25 18.32902949409646709
26 14.77046168079791499
27 0.79967648895242416
28 -1.41455183980861676
29 20.12766125274316309
30 16.16687847661772537
31 14.76665556405064805
32 14.92494498756975929
33 12.85945977492568559
34 5.17424378849764821
35 39.29021030192404851
36 19.57960847235353086
37 10.67955692358156483
38 57.52961418575944919
39 11.74958915663088277
40 13.41640786499873528
41 25.58315075807797712
42 4.30082937376571550
43 20.25223938654632860
44 5.29316818838540826
45 20.96754094920051514
46 29.17711328678439031
47 24.31940526124507684
48 5.95120237393955165
49 26.10481635692829627
50 20.06647750166538557
51 15.36119315654303108
52 13.28631504945172281
53 8.94427190999916277
54 29.11522310844561545
55 26.19819578855346265
56 11.94301123453206515
57 27.18717248106468531
58 0.85985685249645627
59 3.62839203188138271
60 4.98966582030739403
61 13.09634159847232127
62 21.23751682961886900
63 6.12889431935383300
64 69.16083925162675428
65 55.08316217791134051
66 38.37445083898433040
67 16.82885520116408884
68 16.96367632650457224
69 10.57582803688510964
70 3.66218329006360932
71 4.55675036198593375
72 5.25036394964187281
73 10.75821186215446801
74 12.93607644618064256
75 23.74589659080210424
76 7.85510350369750654
77 2.82723849341496702
78 28.84824502897035359
79 22.29620368139763187
80 1.71746478329702512
81 21.74694904588934818
82 23.87429929802953765
83 10.22975814446603593
84 32.47421655086979086
85 25.43985236657292148
86 37.25308476488893206
87 17.22620564593982095
88 17.92515424571674032
89 0.02762876081746413
90 7.07106781186547551
91 5.54727873313413511
92 3.08771777007185477
93 3.50738925071973995
94 22.90157275915661472
95 3.83906379406973741
96 7.22274294368145320
97 5.85065672087461763
98 3.30662669845406754
99 11.63495411031716742
100 5.65685424949238325
