1 5.69802642925351233
2 14.09398900172650215
3 10.93463643130857577
4 14.93845246985353015
5 11.97908537217944769
6 18.81860331688922372
7 13.15330663977822212
8 -0.17682185495333869
9 19.67600702597879803
10 16.65633491338894245
11 32.84748543597562787
12 17.85850699803314257
13 -2.91796663931130951
14 23.14757297893753218
15 28.48262406805201863
16 15.25188490196143931
17 15.27877225940533634
18 6.41025864778898580
19 21.73994599925798354
20 16.43103849382119463
21 10.23704543155056967
22 17.98337431519755825
23 5.24916130313584262
24 15.10023526635670521
25 23.99468868979194980
26 15.39290070133127664
27 0.11458482868408737
28 1.23916868073127162
29 29.68837897364478096
30 15.26144992888745122
31 18.15645497461915880
32 17.81235511229392543
33 18.17607392821002321
34 17.81320762846591066
35 27.16048016246934793
36 30.20505680408862759
37 9.92947850899761875
38 47.39631267551351357
39 0.00000000000000000
40 14.03884688553209692
41 27.98661141013994325
42 9.69550261220330611
43 9.56619931631691145
44 15.89713098904582722
45 22.31082194462707236
46 39.18475775401924466
47 21.75433105746402873
48 9.91278660397446743
49 29.65305866271663149
50 17.73601429082534864
51 15.72237167430228411
52 16.06129941516835657
53 8.32183288946580113
54 28.27269141957376775
55 25.02171540047084264
56 10.76653084644945224
57 23.17473953901475880
58 2.24832740897943495
59 6.40337639759801647
60 2.05756076748073014
61 16.28863465227254892
62 20.72897242236076565
63 8.17691751962554747
64 59.60298951553178881
65 35.97371412578881689
66 39.53477657496305397
67 55.89299522911666429
68 15.66099015503515801
69 21.40007351824822379
70 8.01903325241011800
71 28.98281256739279854
72 9.55859234479669695
73 12.14668241863745024
74 11.97158622649839899
75 18.83747745668682683
76 7.27267716146842691
77 4.10775727887220654
78 21.84571560923507150
79 10.26442118780915536
80 1.71746478329703933
81 19.27588427320250020
82 31.37058583327116423
83 8.64997018696563202
84 27.93281992521686163
85 26.61358122649034641
86 38.29769348497903536
87 16.38071932977120326
88 18.69224633810878089
89 5.03699901962383478
90 17.33676665112739457
91 14.09372434923935913
92 1.80010074290030531
93 8.65639303312711661
94 23.32522320449009356
95 6.74471778178908821
96 7.98070889677595119
97 10.53590750751545357
98 3.83655194044054326
99 8.43631929926705482
100 1.59141127077959510
