1 5.18596131806765470
2 11.82044326657378619
3 9.30743877211169490
4 14.93845246985353015
5 15.24508036181896031
6 17.72208201831682928
7 12.05678534120582768
8 26.00753707903134071
9 20.57703921249783718
10 15.50910665516460440
11 29.58161680558065854
12 12.69505098132464127
13 -2.91796663931130951
14 26.14941165377328858
15 25.38463609032730162
16 18.28047108569481338
17 9.25663926231927903
18 5.64316655539694523
19 28.37225084367864980
20 17.78258677359977113
21 12.51059116670328564
22 17.32167503970226718
23 41.33642104239584114
24 23.87454135215432061
25 17.80620400402521142
26 15.39290070133127664
27 0.11458482868407316
28 0.63011089155870081
29 28.06118131444788588
30 15.32299894681377239
31 20.02006836558359737
32 17.76164815264198182
33 17.72555783495051429
34 17.36269153520640884
35 24.86045299288428367
36 17.85881375092201040
37 12.52868658428834792
38 46.38669716582226954
39 24.47852301885492210
40 14.03884688553209692
41 26.56706355626042182
42 13.03704419102393430
43 16.70070281581624272
44 14.54818719195229448
45 22.57025192290006288
46 22.46673479933155448
47 28.61549752443429995
48 0.01461312915881763
49 38.40400387930793613
50 17.22394917963949013
51 14.30927437659738644
52 17.92491280613279159
53 8.32183288946580113
54 27.64995212381391809
55 26.53741255723932468
56 12.28222800321794139
57 26.30228315544069417
58 1.39432952770624041
59 8.26698978856245148
60 -5.16930229284176335
61 16.12817119424576617
62 25.14206931098008369
63 5.72884794127458008
64 63.19828735210710136
65 58.37786983561392873
66 40.49735777940842496
67 0.00000000000000000
68 13.36096298545010796
69 21.91213862943408230
70 5.52025671440720345
71 6.12814076430817067
72 8.04289518802821490
73 11.29268453736425215
74 12.82558410777159708
75 21.01487388895059638
76 5.64850775616336165
77 6.40778444845725659
78 26.22345653127651843
79 12.85420005145143563
80 0.00000000000000000
81 20.23846547764787118
82 29.96820423459608307
83 14.84558484009231449
84 24.88964289439152822
85 21.17299793439064359
86 38.28940162349596221
87 16.38071932977117839
88 17.92515424571674032
89 4.14227953506781787
90 17.38747361077933817
91 6.31594148168905178
92 -0.71699859334832894
93 4.06496179269187508
94 20.48384798768111992
95 8.25752827748195983
96 10.82208411358492484
97 9.68190962624226614
98 5.32558011958343158
99 9.41408112511159345
100 1.59141127077959155
