1 6.10938669946214219
2 12.43231467231949594
3 13.21538049797605652
4 12.91868792912464414
5 11.54844225575899941
6 22.36067977499789805
7 16.69538309788689645
8 27.65257495826006817
9 15.28788596464393379
10 17.36554570078148174
11 32.69190135421486332
12 15.07803939400342230
13 3.38846496629186333
14 10.30780363123465548
15 36.79331445941711820
16 21.02811603896015313
17 17.22703691391391345
18 5.64316655539694523
19 30.23314911773569236
20 33.90389595336857553
21 11.89871976095758654
22 16.40715799044963674
23 37.47798726895524624
24 17.19649149801722743
25 16.52125512176795041
26 14.77046168079791499
27 0.18486144410054806
28 2.66325614571783831
29 29.54984057381011553
30 12.05735981500983200
31 15.38147060890252504
32 19.08547098411622756
33 9.36475615816965501
34 28.65920970757271036
35 30.00159936360034507
36 24.93163194494039914
37 10.93739051430969056
38 62.13618517342128911
39 12.46183668630894203
40 14.66128590606545146
41 25.39072846885784429
42 0.38899780841024523
43 20.52398730656484105
44 4.51059111054012618
45 22.90481807597973329
46 14.04690858198350867
47 17.82534201074199842
48 8.64584051289502753
49 31.62921554118860712
50 22.92351472729296802
51 11.05950161841211354
52 13.28631504945172281
53 7.69939386893244659
54 29.82585719718403183
55 20.08675342597990721
56 12.80586407951780359
57 19.51408959923005426
58 3.81383000510043857
59 5.67424706091512832
60 2.01119857215466880
61 14.43353674313692991
62 20.17534571672899801
63 11.48091779194069773
64 55.58977845582410282
65 52.17490294102194071
66 45.77689929260591839
67 23.61072811950324990
68 18.56774652483530375
69 11.38281595826000370
70 0.24796954769489332
71 3.97030598211930652
72 5.96261147931991431
73 13.70333005104589219
74 11.34029224225247390
75 23.07546603503645244
76 4.30608487809253759
77 3.32015727716024855
78 8.23149556016278794
79 8.78531677321817028
80 1.58937554436879225
81 20.78054523868706482
82 24.58932779795821943
83 9.51472964453733994
84 30.14807254560663807
85 20.56183789297763909
86 31.94419345908869801
87 14.27223249333581379
88 17.92515424571674032
89 2.67993438752541380
90 7.07106781186547551
91 5.23943317932483410
92 5.81125594170488213
93 4.72579152483341147
94 21.59888880554411372
95 5.88491882310348302
96 8.32663832209408383
97 6.98327189175575569
98 3.32535513350920198
99 10.89178303489592281
100 8.97435117874702470
