1 0.03285403044166912
2 11.13957772209202801
3 8.40685770723412773
4 14.21142487935209076
5 15.39769210111622044
6 17.56947027901956204
7 11.90417360190856044
8 10.98659740684216501
9 16.15477529751170493
10 18.42402975609844873
11 35.86970477714982763
12 17.96179573623200554
13 0.09111766745922978
14 18.94209516249993897
15 30.41250425702253324
16 12.39503478372962775
17 13.37778706855671729
18 5.64316655539694523
19 16.21773217728798500
20 31.69111468375679408
21 13.19145671118505447
22 15.64423852314669716
23 36.57967053388171053
24 16.47847880339128324
25 17.81399207199539703
26 14.77046168079791499
27 0.18486144410054806
28 0.00000000000000000
29 25.35847846651315152
30 12.92424914787760670
31 20.17268010488086105
32 16.55919726498450117
33 15.02285498701577637
34 21.55214294007923925
35 22.76844394429569363
36 29.92448020968485878
37 9.83349513589705992
38 48.34812851230599051
39 15.41580983891286394
40 13.41640786499873883
41 23.33507205132746165
42 0.64853098456029556
43 28.07487119300541778
44 5.41081965278219812
45 26.02246870413614488
46 32.56843545695966924
47 31.58696567518874332
48 2.05123620059326583
49 36.75810606587470630
50 20.41552907936391037
51 10.14045777830948580
52 18.07752454543005882
53 8.94427190999915922
54 28.31960833220689366
55 28.55278688434563961
56 14.66431038947125387
57 21.36376531179246285
58 1.41671124850991603
59 8.41960152785971871
60 -1.80135121831526490
61 11.76973512623069951
62 15.93905823847706671
63 16.47376605668517158
64 52.06264397869529859
65 58.69989110273583321
66 45.32844379991250605
67 11.79630129337968114
68 16.99268993437677011
69 16.17402545423835036
70 0.24796954769490398
71 3.10341664925152827
72 8.91658463192384332
73 11.31506625816793488
74 11.34914720596504267
75 23.27267614261341677
76 5.50537077425154209
77 3.32015727716024855
78 21.10498102541175669
79 14.27022579196518848
80 1.71746478329703223
81 19.20548864822853830
82 28.21988713269182369
83 10.67537980578206458
84 26.97366713461813958
85 20.48028504293927909
86 37.66052862953721103
87 16.18410813081085564
88 17.92515424571674032
89 2.91867962609383369
90 7.07106781186547551
91 5.23943317932480745
92 8.55661040864950451
93 1.98043705788884061
94 18.98785704832512167
95 8.63027329004807342
96 7.22274294368145320
97 9.89499039985085460
98 7.34599659670381655
99 10.75746032517032447
100 5.67700387991439470
