1 5.75417167295255183
2 11.03498915212396625
3 11.32169097921953949
4 14.72646230145315371
5 10.60648260513789154
6 22.36067977499789805
7 19.08884139026893934
8 20.42935221666829904
9 17.70335546474991872
10 18.42402975609844873
11 30.53778476122453611
12 17.85850699803314612
13 0.37881359084654775
14 22.82742568973529274
15 24.11645157649523696
16 16.44969181665349822
17 15.41027097521164535
18 5.64316655539691681
19 28.67947447877538281
20 25.96979704124591137
21 13.91848430168647610
22 17.18472489250449087
23 37.26488115047071403
24 18.55091924864473185
25 18.32902949409645998
26 15.39290070133127486
27 0.18486144410054806
28 0.54409977762965411
29 20.12766125274316664
30 16.16687847661773958
31 15.38147060890252504
32 11.92042278442648495
33 13.47427481977756258
34 11.94439778262790242
35 40.56161729509712188
36 22.31359683859604104
37 9.83349513589706703
38 52.96144712022368140
39 12.16003800876391949
40 13.41640786499873528
41 24.96071173754462791
42 9.71505822698597399
43 19.40617759886184501
44 5.29316818838540826
45 20.96754094920051159
46 18.55051140974842383
47 27.75183988268947388
48 5.61067230007908080
49 26.44534643078877423
50 18.99028861372885046
51 15.16902028002000691
52 13.28631504945172281
53 8.32183288946580291
54 27.81011821061500200
55 26.19819578855346265
56 11.94301123453206515
57 14.37021611480007266
58 1.58675570750044415
59 3.62839203188138271
60 4.98966582030738692
61 11.06039520595737713
62 21.27097825440235823
63 8.86288268559633252
64 66.42685088538424054
65 55.89015009928624522
66 39.60712615740162335
67 16.20641618063073963
68 17.61722304611222967
69 11.38281595826001080
70 7.12807933629149204
71 4.36457748546290247
72 5.66081280177489532
73 10.75821186215446801
74 12.20917759117664048
75 23.95788675920243804
76 3.36978417565742916
77 3.24988066174380208
78 19.76922682848631041
79 12.89011497175670584
80 0.31456756702186794
81 21.55477616936634888
82 23.87429929802954831
83 10.22975814446603238
84 32.47421655086980508
85 25.98083445919093748
86 37.28853514368290689
87 28.90581430506743743
88 15.53169595333469744
89 -0.31290131304299962
90 7.07106781186547551
91 5.54727873313414221
92 3.08771777007186188
93 3.50738925071972574
94 22.90157275915661472
95 3.83906379406973741
96 7.22274294368144609
97 6.57755557587860551
98 6.42205863895765106
99 11.63495411031716742
100 5.65685424949236904
