1 0.10119211251466709
2 16.25364124455765591
3 9.96319573530401215
4 14.72646230145316792
5 7.84598779869676832
6 22.36067977499789805
7 16.69538309788689645
8 22.18572557203450657
9 17.70335546474992583
10 18.42402975609844873
11 36.85425568855075795
12 8.72643452077382165
13 1.28545171155159466
14 20.86643494596967230
15 31.29609441269456482
16 15.92477028226861080
17 14.90473926138762550
18 5.47606223248053681
19 25.82889959767704369
20 31.62277660168379612
21 8.07739318871942302
22 17.80716391303782586
23 32.36871156484644985
24 15.89961824812694857
25 18.32902949409647420
26 14.77046168079791499
27 0.18486144410054806
28 0.00000000000000000
29 27.81173121376605195
30 16.16687847661773247
31 15.38147060890252504
32 13.14755301258520603
33 9.79203777324578795
34 11.94439778262790242
35 40.98425946342594983
36 20.63516579468150525
37 9.69551976374693680
38 54.62731377995820026
39 17.37869010119760560
40 13.41640786499873528
41 25.58315075807796291
42 8.66070560392537914
43 18.79466356218790679
44 5.29316818838540826
45 20.96754094920051159
46 18.84012543997064171
47 30.60241476378781300
48 5.24311595840519118
49 26.81290277246267806
50 20.08864488767751766
51 15.23929689543646049
52 13.28631504945172281
53 8.94427190999916277
54 30.45276458974157663
55 26.19819578855346265
56 11.94301123453206515
57 14.37021611480007266
58 1.59278821143887228
59 3.62839203188138271
60 1.39052853949666400
61 13.51581031733201854
62 14.95450732707613639
63 7.18445164168178962
64 68.10528192929876923
65 55.81987348386977743
66 45.26010571783950809
67 15.88393367382130350
68 16.44859015674711600
69 11.31253934284355012
70 0.24796954769489332
71 4.43485410087936316
72 10.87946489420858143
73 10.75821186215446801
74 12.20314508723824076
75 18.11679564623540273
76 12.64805204484185452
77 2.82723849341496702
78 15.76739391399519974
79 13.25227200649282366
80 1.71746478329702512
81 21.62505278478280246
82 24.04140362094592831
83 10.06265382154965238
84 32.64132087378618508
85 26.28591415425741928
86 38.86780930112834653
87 23.68112970869530187
88 17.92515424571674032
89 2.91867962609383369
90 7.07106781186547551
91 6.31594148168906599
92 2.18107964936680787
93 3.64536462286985596
94 22.90157275915661472
95 3.83906379406973741
96 7.22274294368144609
97 5.67694995911200806
98 5.87323772972113289
99 11.63495411031716742
100 5.79482962164249926
