1 2.57253689140488007
2 11.29110134894240147
3 2.52099324236046129
4 14.57813293849910963
5 12.65233763417163004
6 20.31482474596415955
7 14.64952806885315795
8 21.59510295336305674
9 18.12776460048860372
10 18.67199930379334205
11 34.05319253458017670
12 8.54164285986581717
13 0.37881359084654775
14 17.41319683651504135
15 29.78679262653393778
16 20.43704698541355924
17 15.94162393307352232
18 5.64316655539694523
19 27.99369562005905721
20 29.39940137048847646
21 13.03993308433468457
22 19.07391570094970490
23 25.01559218887993552
24 20.93125586463995091
25 18.18070013114241590
26 14.77046168079791855
27 1.03314306130003786
28 0.54409977762965411
29 26.70969430834865932
30 14.04895683365501213
31 16.82701356843166707
32 18.80053257302307657
33 12.00213270805608090
34 4.92271059793336008
35 41.17916287143852117
36 23.28874821584102506
37 9.83349513589705282
38 40.42479070232734273
39 15.93404152491026338
40 13.41640786499873528
41 27.12826302438118375
42 3.30529543650450819
43 19.40617759886183080
44 23.24405345950201252
45 24.42871114499315155
46 18.55051140974842383
47 24.72847899791825910
48 7.17890992962686880
49 28.30671313048351578
50 22.99657909264875855
51 13.00374137389880502
52 15.33217007848546132
53 8.94427190999915922
54 33.34374851651195115
55 25.67996410255609163
56 11.42477954853469413
57 12.64221188042820643
58 -0.01869436485532461
59 5.67424706091512121
60 4.39298447256258662
61 14.11249166507680997
62 17.50760093335182432
63 9.83803406284133075
64 62.02209517889671986
65 57.38305032197386879
66 43.03673048664418843
67 25.34826267502658936
68 16.44859015674711600
69 11.63610010859677857
70 0.00000000000000000
71 2.19929857934170059
72 9.43481631792123920
73 10.02799000775673477
74 12.99973725162695359
75 18.96125348356229523
76 12.16046502231628779
77 4.11992070544815192
78 20.19343744925109263
79 12.90013186195692185
80 1.71746478329703223
81 19.38949726324513279
82 24.28337303470272701
83 11.86653943682656376
84 27.37626506271663374
85 20.88288297103776614
86 31.54482201354868920
87 29.75790412002166363
88 17.67718469802184700
89 1.85201766424958514
90 7.07106781186547551
91 5.42095078175258749
92 5.81125594170492832
93 4.54427392240565808
94 20.85571773012287622
95 5.88491882310347592
96 7.22274294368144609
97 5.46935356410594409
98 5.60120861343619936
99 11.63495411031716742
100 5.78318220087392376
