1 2.28827562672466911
2 10.62454029999095440
3 7.68548849352655239
4 14.72646230145316082
5 11.50782402366532153
6 19.51945336569271205
7 15.75438564352297988
8 20.92258155410910803
9 16.28274226009732928
10 18.42402975609844873
11 33.41247259531319003
12 16.20059005977358879
13 0.29631277086474483
14 17.41319683651502714
15 29.12023157758248715
16 10.98979228317294599
17 15.32777015522985664
18 5.64316655539694523
19 29.27068269091461161
20 25.96979704124592558
21 13.91848430168647610
22 21.24081038460847992
23 29.95302382821774501
24 19.58767907411490938
25 18.32902949409647420
26 14.98245184919826301
27 0.18486144410054806
28 2.61246556802222152
29 25.12450496949729128
30 14.74626527196513592
31 18.22269701820771104
32 15.38631883065436057
33 12.37561120940420345
34 11.94439778262788820
35 37.97206386465472150
36 22.90045063194735064
37 9.83349513589705282
38 57.95264507960170874
39 15.41580983891287815
40 14.23730556926475543
41 29.74972858859104718
42 2.50992405623306070
43 19.91170931268588618
44 5.29316818838540826
45 22.38815415385311525
46 18.55051140974842383
47 25.74001846589764142
48 5.95120237393954454
49 26.10481635692830338
50 20.08864488767753187
51 13.74840707536740325
52 16.12754145875690881
53 7.91138403733279461
54 24.64339614627377983
55 26.19819578855345554
56 11.94301123453206515
57 14.37021611480007266
58 1.50425488751864123
59 6.46961844118656870
60 2.56859556913047982
61 13.00028019673514734
62 18.39629042031370432
63 9.44973647894765634
64 65.83999709203293094
65 58.69989110273583321
66 43.07302220362950607
67 20.26250167273474290
68 16.51886677216357668
69 14.22404236756520390
70 3.66218329006360932
71 2.97544968666591103
72 8.91658463192385398
73 6.37964386324104282
74 12.29167841115846471
75 16.64602943694948323
76 4.52614392010211475
77 5.83943409218620157
78 15.87104672210556799
79 15.68657388346787585
80 1.71746478329703223
81 20.13416296471373101
82 25.29491250268210933
83 11.65037134911862893
84 29.63299014156460487
85 23.13960804988573727
86 39.94326491524074640
87 27.90108955432980054
88 16.02492529077547090
89 2.44869901199437123
90 7.07106781186547551
91 5.23943317932480568
92 4.96112390758631250
93 3.93042014456199240
94 20.06034634985142873
95 6.68029020337492341
96 7.22274294368144609
97 7.99272917874925781
98 6.46850281155697360
99 11.63495411031716742
100 5.88219898331990976
