1 5.95258346603517907
2 12.97698382971224618
3 9.19259107193315117
4 14.93845246985353015
5 10.90041411009758932
6 20.28651767538132589
7 14.62122099827032429
8 19.90187178711375537
9 20.50748478626586291
10 18.42402975609844873
11 14.62178782725818849
12 17.85850699803314257
13 3.61088126370623286
14 11.46638913649372427
15 35.97828550244482670
16 17.95551783386778766
17 25.62486629758779344
18 11.45952588133940253
19 13.50284805176846703
20 16.87968160174980881
21 11.35405060356482565
22 9.65742942210197342
23 31.45498021545427392
24 27.61442439537197302
25 16.07596615933030648
26 15.39290070133127664
27 0.11458482868407316
28 -0.14043089887843507
29 30.26004314707111575
30 12.27744447916046511
31 17.72075184831602002
32 18.11213559651132954
33 15.44662551526472782
34 2.04509258921967785
35 41.39717565242537489
36 16.28260424954956420
37 17.42680950224722380
38 50.36539842372475562
39 21.83685352327614382
40 14.03884688553209692
41 21.11624988585970542
42 6.30284439003623120
43 24.41104996443596065
44 11.01331339969211243
45 19.09095483432292895
46 15.03159280650447016
47 42.14618671678309170
48 -0.35535950006848083
49 41.68889960946908246
50 17.19199779510499582
51 17.45916048359865158
52 13.58024655441142059
53 8.32183288946580113
54 18.74661306388776794
55 21.96959203445856090
56 13.87359206248882160
57 19.92423607353195081
58 -2.46888334556526701
59 -0.20898884216642344
60 13.32249515470111589
61 15.60316549833336097
62 37.18697518836870586
63 4.52261106912943234
64 61.48960112331840122
65 56.40105319091301794
66 39.69595841832492056
67 18.82116868999602488
68 16.85901901869024755
69 21.94409001396857661
70 9.33808498719101010
71 8.13973462212506149
72 16.33297195569889126
73 17.36556609569366216
74 13.36005678298135990
75 23.71778293694196194
76 7.01812012468676016
77 5.22343794801890482
78 22.80547098509893544
79 10.65251239024669161
80 1.71746478329703223
81 20.23563964906638546
82 25.93207550331050726
83 9.40451283207546851
84 24.75586346274286242
85 22.80583671579963934
86 34.35433789339106880
87 18.07016707389460919
88 17.66003510591981751
89 4.57098410555308732
90 17.03698616690999046
91 5.23943317932480568
92 3.97536400657868327
93 4.15246514310184978
94 22.25046620073878856
95 7.81947478554039321
96 9.05546590052725620
97 10.96559773432210960
98 12.15455762530105233
99 11.99212916377529581
100 9.19676747616139778
