1 0.03285403044168334
2 16.25364124455765591
3 12.49966702644877614
4 14.72646230145316437
5 10.86655761128405118
6 22.10060476885173841
7 18.98892987410605571
8 9.68426526431169066
9 17.57331796167683891
10 18.42402975609844162
11 26.81181370885050796
12 17.96179573623200554
13 0.86633941730866582
14 11.43108241738171671
15 34.74933252214918156
16 16.51765632817336638
17 15.32777015522985664
18 5.64316655539694523
19 24.48592298015152124
20 25.96979704124591848
21 8.07739318871942658
22 15.64781770422894880
23 30.03468920428027289
24 15.79359428174207380
25 18.32902949409647064
26 14.77046168079791499
27 0.18486144410054806
28 0.54409977762963990
29 21.34854395369863767
30 16.03684097354465266
31 15.64154561504869179
32 18.80053257302308367
33 12.52962501382027938
34 11.94439778262790242
35 40.98425946342595694
36 34.28586922917312307
37 9.83349513589705282
38 63.93475949873501918
39 20.92713714322989560
40 13.41640786499873528
41 24.36872607661186407
42 4.30082937376570840
43 19.34168266624196519
44 5.29316818838540826
45 21.09757845227360207
46 28.95506828824456136
47 19.97311899073625341
48 5.95120237393953744
49 26.10481635692831759
50 20.08864488767750700
51 15.03898277694690222
52 13.54639005559788245
53 8.94427190999916277
54 29.06125722304363990
55 26.19819578855346620
56 11.94301123453206515
57 21.55807153649799091
58 2.07428153396256221
59 3.88846703802754234
60 2.09861495503101736
61 11.06039520595739134
62 24.99694930677639348
63 20.83515507617342877
64 54.45457849480715851
65 56.15022510543242618
66 45.32844379991249184
67 14.66950899235518690
68 16.51886677216359445
69 11.64289096440619531
70 0.24796954769487911
71 4.23453998238980489
72 14.42791193624087853
73 11.97263654362057395
74 11.72165176471454373
75 16.72769481301198269
76 3.54272833245676111
77 2.82723849341496702
78 19.49299393348812259
79 11.53919476772814789
80 1.71746478329703223
81 21.42473866629324775
82 24.00433680110258905
83 10.35979564753912285
84 32.21414154472363123
85 25.72075945304476363
86 36.99655227339935237
87 16.01178096447369370
88 15.37153246335142143
89 2.91867962609383369
90 7.07106781186547551
91 6.03480455959625317
92 2.60019194360975092
93 3.93042014456199240
94 22.64149775301045509
95 4.09913880021589705
96 7.22274294368144609
97 7.06508140234074489
98 6.46850281155697360
99 11.63495411031716742
100 5.65685424949238325
