1 12.35509583503831976
2 6.68629150101524061
3 4.72689332530808315
4 14.93845246985352304
5 -10.27050503417074090
6 11.55937432213045568
7 25.63079915585215929
8 5.11984801696554825
9 8.75928886458287792
10 35.21963747143914247
11 27.03950879570082932
12 10.39875412837584179
13 2.74907024602080341
14 -8.49643981370146406
15 50.71574878686515575
16 34.91121647992278554
17 10.40259462518038092
18 31.62277660168379256
19 11.78574077001589515
20 39.67998985092746267
21 3.14373142158083496
22 37.91923274440316050
23 72.11102550927978427
24 -24.13065176793331190
25 1.73757703195039603
26 22.36067977499789805
27 10.00000000000000000
28 -6.13828008943520587
29 45.38940035338408308
30 12.25504840806208051
31 27.81950089812809779
32 18.62387652912435954
33 19.30079571459009458
34 12.78214608840279709
35 45.36484366476685182
36 -0.38920558447514964
37 12.44058152796598193
38 78.01216270702303746
39 2.27607912288349823
40 22.36067977499789805
41 29.50061690292603700
42 -8.13211677212571260
43 18.49623615661499088
44 7.12133542876573244
45 -2.32492931180065199
46 47.57138871250542422
47 57.99960336911503589
48 1.24807184242993330
49 43.71265914030139754
50 33.94112549695427816
51 25.45415128557380058
52 22.62741699796952233
53 8.94427190999915922
54 42.75716808479830888
55 33.27891751286502853
56 5.18672292316412253
57 10.17300076339286363
58 3.93378057764672917
59 4.08940150071393660
60 -3.76378276978468129
61 46.42372786056490241
62 21.14206334659533582
63 -4.31833386266750807
64 76.13765142651079998
65 35.24866928867982097
66 39.59499333870738980
67 0.75496144553657984
68 4.08076401429362079
69 24.33105012119287736
70 3.33338445335404998
71 13.77452251771299174
72 8.91658463192386108
73 10.75821186215446801
74 13.36005678298136701
75 30.31097738789732432
76 31.30495168499705727
77 17.78450836482259945
78 22.75598191030041306
79 15.92122667685385551
80 34.52850261576250546
81 14.09132605507903691
82 35.66688728048531232
83 -5.10666747861994530
84 27.72716463397366837
85 21.23378254229482565
86 32.62091091974347989
87 36.76955262170046979
88 13.88013236011622098
89 13.71998507896127606
90 -6.07746785243918453
91 5.23943317932480568
92 17.33365971676151673
93 4.15246514310184978
94 24.08318915758459156
95 -16.28143262876233166
96 19.12794377496152620
97 18.50596502009981492
98 2.99517937915402754
99 34.98571136907180090
100 11.31962392180564336
