1 2.28827562672468332
2 11.13957772209204222
3 10.67934847421058464
4 14.21142487935209076
5 12.51085437170111447
6 20.45630800843467512
7 14.79101133132367352
8 13.68379425206012456
9 17.59819416221926502
10 18.42402975609844873
11 25.16751694843344467
12 17.96179573623200554
13 2.09758805544974791
14 17.29554537211824083
15 29.63526899968357498
16 9.67922447546579079
17 16.12314153550132900
18 5.64316655539694523
19 16.27760406155869788
20 27.66384620274783401
21 13.19145671118504026
22 15.64423852314669361
23 36.57967053388169631
24 15.79359428174207380
25 17.81399207199539703
26 14.77046168079791499
27 0.18486144410054806
28 0.54409977762964701
29 22.31702264013483727
30 14.36766801258516324
31 17.28584237546574798
32 15.38631883065434636
33 13.57943612230821628
34 24.00402131571907205
35 27.45516138043602439
36 18.24883735531790308
37 9.83349513589705282
38 49.85357167512682963
39 15.41580983891287815
40 13.41640786499873883
41 23.33507205132746165
42 0.00000000000000000
43 28.21597782056628034
44 3.40434926479167643
45 21.12435545221066491
46 26.09878490619573910
47 41.48448141694174041
48 7.54194513448248927
49 26.20812275788725287
50 18.26832633543931195
51 16.94472378861562589
52 15.19068681601494575
53 8.94427190999915922
54 29.06125722304363990
55 28.55278688434563250
56 14.66431038947125387
57 25.02783829854654130
58 1.41671124850991603
59 5.53276379844460564
60 4.98966582030738692
61 11.06039520595738423
62 26.64124606719344968
63 4.79812320231820877
64 68.79756120716048429
65 58.69989110273583321
66 43.07302220362949186
67 11.79630129337968825
68 16.44859015674711600
69 9.71227375219504552
70 3.66218329006362353
71 1.65999778454396818
72 8.91658463192385753
73 11.31506625816793843
74 11.34914720596504267
75 23.27267614261340256
76 1.16128082718523729
77 3.32015727716024855
78 18.45125990471747457
79 15.74096082523785611
80 1.71746478329703223
81 23.34021003449034737
82 24.03111380103965899
83 11.97731540801911621
84 30.56984478430656793
85 24.07646269262770744
86 41.25670627922564648
87 14.80271356421657458
88 17.92515424571674032
89 1.61837152136040174
90 7.07106781186547551
91 5.23943317932479502
92 5.66977267923438788
93 4.72579152483345055
94 22.71874131593943247
95 5.74343556063295324
96 7.22274294368144609
97 9.91844556301492730
98 6.60711251774973363
99 9.91341378697112674
100 7.68347426790491284
