1 6.15231090738951991
2 16.25364124455764880
3 -3.52789855625584892
4 14.93845246985351949
5 14.11247049595647951
6 19.11543578180375391
7 13.45013910469275231
8 26.23598000351839232
9 18.10685944647454093
10 18.42402975609844873
11 35.54602968022456366
12 17.10054104493865168
13 3.61088126370623286
14 14.80884500260440007
15 34.60182795288863389
16 14.09411938441962064
17 19.85075355575721545
18 4.04770282046587226
19 26.27761252848165441
20 24.81100489516019536
21 5.59635573593637758
22 14.84673212075723470
23 32.01252032470373621
24 22.15707656885724219
25 18.69551171836431536
26 16.15086665442576930
27 4.97234241750049932
28 0.54409977762963990
29 27.29321842211513172
30 20.57604099314810853
31 14.30078468474989251
32 5.89736659437218691
33 22.96458059881676661
34 7.51526565882688402
35 34.80191018017058013
36 27.12923661322217939
37 17.33523673309026236
38 43.61811199359088675
39 28.61529788507588989
40 13.28088093243760426
41 28.22889550353636423
42 1.69647753985507421
43 33.74834597290608684
44 4.54387363734332439
45 24.02917453671508241
46 1.08574643621361133
47 31.91064077211400729
48 10.69623077300684599
49 17.25145844067704104
50 20.58969126416020146
51 11.40977392657604028
52 12.20562912529909028
53 8.94427190999915922
54 31.06060517893435957
55 26.99895539857095272
56 12.74377084454953746
57 21.39226639224509796
58 -1.31191122899689816
59 4.03359088912780983
60 11.79624693118054779
61 7.49486771612466640
62 29.64858423111904528
63 13.98324614401037991
64 65.41481694415416825
65 38.42415855348055231
66 40.62801523158681505
67 3.83627529580041937
68 26.48811983242127610
69 11.56382932223880289
70 1.40676169378062710
71 24.98484500494129179
72 19.24617895505802068
73 15.78712206776072691
74 13.36005678298136701
75 14.45830112235918818
76 3.74306845961791623
77 9.88093994507406137
78 23.71168845301762218
79 19.86484467155908362
80 1.71746478329703223
81 24.45881271814057811
82 31.30292407190271575
83 10.17215623424316817
84 28.05917966717898793
85 23.59273650547478240
86 43.22220568250210704
87 17.83108973547710718
88 22.25108416306351700
89 2.67993438752540669
90 15.86590427333241848
91 6.85291579959093866
92 7.57226330945201198
93 4.15246514310184978
94 24.08318915758459156
95 7.15147754779499678
96 11.57188231528822797
97 12.58113262229580620
98 6.63564598183685916
99 11.53402363604182312
100 8.12025917379715878
