1 15.04213881776003348
2 6.68629150101524061
3 24.06126443677716864
4 14.93845246985352304
5 1.25648034722236801
6 21.26545059707049745
7 19.42822049311025978
8 17.24216167695065849
9 10.71123364051575777
10 33.18830602204563718
11 32.86207494023344111
12 10.39875412837584179
13 -5.22604362311648174
14 14.04120160043669330
15 23.62156268904269396
16 12.45758592812058652
17 7.10006817095601406
18 31.62277660168379256
19 5.30746309215507495
20 29.74396051172587363
21 -2.09231078692289429
22 37.91923274440316050
23 15.73379255526445775
24 6.57395298759897884
25 12.00475154582002801
26 22.36067977499789805
27 10.00000000000000000
28 6.08083920036730419
29 22.98206562877184211
30 19.50403476454195584
31 25.73382158738187542
32 27.24218137908407300
33 32.56197476254296674
34 32.11651719987187903
35 36.21868798810749013
36 7.89905238901297224
37 12.44058152796598193
38 66.22015194286282735
39 -21.25227443893897572
40 22.36067977499789805
41 20.35446122626666465
42 5.70089027774390544
43 5.08321931769226865
44 9.78872161771051807
45 23.97847687736972233
46 39.02730052186362286
47 55.91392405836881352
48 -2.05445461179446909
49 35.37005330546060122
50 33.94112549695427816
51 10.10262880503042027
52 22.62741699796952233
53 8.94427190999915922
54 23.34383789426931344
55 46.54009656081787227
56 27.59405764777633863
57 37.26718686121532187
58 3.93378057764672917
59 18.86582230849120734
60 -6.20977410922332496
61 2.65761005942731998
62 26.96462949112792273
63 -6.67971218853260496
64 69.88072490241617629
65 57.84917812570307660
66 39.73339199536508204
67 57.13219439955192058
68 7.15372762743677626
69 24.33105012119287736
70 11.23808234316213372
71 -9.67487196504959712
72 8.91658463192385398
73 25.14040974731756961
74 13.36005678298136701
75 17.04979833994448057
76 31.30495168499705727
77 6.49323379981929705
78 22.75598191030042017
79 15.92122667685385551
80 12.97005353688959417
81 -1.20075684786662062
82 14.43382562415215986
83 9.40451283207545430
84 48.35988607932280559
85 46.04345773288535071
86 58.37706792577005643
87 36.76955262170046979
88 15.96581167086244335
89 4.01390880402123429
90 -4.04613640304567923
91 5.23943317932480568
92 12.95232845824533285
93 4.15246514310183557
94 24.08318915758459156
95 1.72852816634867423
96 9.42186750002148443
97 4.62293499991838175
98 -9.75902286642376460
99 4.02688684135222452
100 11.31962392180562205
