1 4.79918398781522626
2 12.43231467231949239
3 13.31128612277478140
4 12.91868792912464414
5 11.91254386497223194
6 19.65025594839272571
7 13.98495927128172411
8 14.28414719932493782
9 17.56469887038058886
10 18.42402975609844873
11 34.24237031439989210
12 17.19719576209161005
13 3.61088126370623286
14 10.96965995678288763
15 36.93729223525338057
16 19.27124663924745818
17 15.78642700233643836
18 5.64316655539694523
19 28.44078497182790954
20 26.92478472638323694
21 11.89871976095759010
22 16.26318021461336372
23 37.76594282062779229
24 17.19649149801723809
25 16.52125512176795041
26 14.77046168079791499
27 0.18486144410054806
28 0.54409977762964701
29 30.41426011072321955
30 14.33417272074648707
31 18.09189443550769738
32 12.87541046956379631
33 14.35199289051148952
34 26.63595896428329013
35 25.55363680540597215
36 29.25588975722855878
37 11.23785770266788475
38 41.65896201134927423
39 12.31785891047266546
40 14.66128590606545856
41 25.24675069302157482
42 4.30082937376570840
43 19.08588120706000169
44 25.54164774915437519
45 24.99858481039130709
46 23.33297371435326895
47 22.55749798244011117
48 5.46415350138192935
49 27.54685291462320151
50 20.90026398400351582
51 13.33631452414875440
52 15.99673887605689515
53 7.69939386893243949
54 29.82585719718403539
55 25.40160362416473561
56 12.80586407951781069
57 19.37011182339379189
58 3.95780778093669028
59 6.33881585848655504
60 6.39402838707821886
61 13.51581031733201144
62 17.56639270122700225
63 15.80517560422886447
64 58.52957028161443986
65 33.32631465402766935
66 39.82305236617435185
67 18.15190014548215203
68 16.66223536097490410
69 14.09323978486519025
70 6.17309165115417358
71 27.80613100145539818
72 5.81863370348364128
73 13.84730782688215811
74 11.34029224225248811
75 23.21944381087273257
76 5.05500887425800727
77 2.82723849341496702
78 9.34397137613692053
79 9.21529512960088937
80 0.31456756702186794
81 19.72207041349508216
82 23.51437956523061246
83 12.76088927694350339
84 24.50767899043070841
85 20.81499552121112728
86 33.03649406122996623
87 14.12825471749956563
88 17.92515424571674032
89 2.91867962609383369
90 7.07106781186547551
91 6.31594148168906599
92 3.08771777007189030
93 2.98471442489774574
94 21.29842161718591242
95 6.54948762067490975
96 8.62710551045227803
97 5.71653997645516654
98 4.76596504508666996
99 10.52768142568269738
100 8.12025917379713746
