1 0.03285403044168334
2 25.33344008711794260
3 24.62067534630971366
4 14.93845246985352304
5 7.31181319340497637
6 21.17011374605168328
7 12.60801983719838404
8 30.95064122572846799
9 1.79819167261643997
10 26.87703163659836036
11 27.69536756754819606
12 17.10054104493865168
13 4.04584307644964980
14 3.37649821075814316
15 43.82913136470946824
16 18.10118302297384218
17 18.07855880870856424
18 17.00195432978810572
19 26.53478583817969394
20 33.15692738260325712
21 15.37005636358684768
22 16.29458690430620393
23 26.14324105885591365
24 26.67747898869173895
25 8.08144203047227450
26 16.15086665442576930
27 2.76491909406301062
28 7.30358875455692313
29 18.83283440869414704
30 14.87690539437385695
31 18.17146801494301656
32 12.90313752592535934
33 24.22710376732920423
34 32.67592810940443115
35 39.84227460733049497
36 25.61639655022539941
37 13.68058798223563599
38 66.25131417979557114
39 35.21231439056682433
40 13.28088093243760426
41 22.16505774440971166
42 -12.82493184622774862
43 24.08608074834183554
44 3.10729597270758262
45 25.05113190776436483
46 0.64636237455663803
47 31.30830100429046325
48 8.27896013357602456
49 35.37005330546061543
50 19.61312787557985260
51 12.20512179072037640
52 11.77066731255567333
53 8.94427190999915922
54 30.89073402884006470
55 34.19681624347949622
56 21.01265198370163745
57 15.81961173127889708
58 3.93378057764672917
59 6.95622060550257615
60 15.54940383809118387
61 13.79926321347378959
62 21.79792211844267769
63 19.06540144039125551
64 58.47465512665102949
65 64.43382716055100445
66 54.87881197278814227
67 6.52474689914079065
68 7.11038297019066334
69 11.41539970586473629
70 1.51384108683748764
71 -9.15616346638265100
72 23.83747458745116887
73 10.75821186215446801
74 13.36005678298137767
75 3.17345889977343276
76 18.39507552253031619
77 4.11992070544813416
78 26.38914687809167248
79 14.66471081398638887
80 1.71746478329703223
81 18.15592512246822920
82 23.09465190088405606
83 9.40451283207546851
84 18.37267999077094061
85 18.80622178629272412
86 41.75498019316424347
87 10.81094288344833387
88 23.52816524330130221
89 4.10924565504004846
90 2.26513798240159758
91 5.23943317932479147
92 20.21347899006534732
93 3.50738925071975416
94 24.08318915758459156
95 5.96895629063836353
96 9.51720435104029860
97 10.37397606250374338
98 11.88920880159284366
99 11.53402363604182312
100 9.63172928890481472
