1 4.06012251145062919
2 12.43231467231950305
3 10.52035833314198499
4 12.91868792912464414
5 12.62255224451529934
6 20.34461013562049203
7 16.13806805759092100
8 21.32658840566563185
9 18.56506212692827873
10 20.46946355833065923
11 25.05581907561926158
12 17.37632668224302179
13 1.48206978419662505
14 17.43065352260198964
15 32.94619951856765283
16 18.49097257838706554
17 14.59597007858860707
18 5.64316655539694523
19 28.48291876840632852
20 29.70928000498004451
21 11.89871976095757944
22 16.28720741790333904
23 37.71788841404783454
24 16.56869086386324597
25 16.52125512176795041
26 14.77046168079791499
27 2.23029524633275855
28 0.02889213186381312
29 25.88881927753391921
30 13.28910217506196645
31 15.35210644604772057
32 15.38631883065434636
33 10.56713435536699563
34 20.30604407467252770
35 26.68006479831483801
36 29.99943427191735168
37 8.33242747831128483
38 57.86647713068083476
39 12.34188611376264078
40 13.41640786499873883
41 25.27077789631155369
42 4.31828605985267799
43 17.55089488539170972
44 6.53693686518160888
45 22.31233024003760335
46 18.55051140974842383
47 18.98732439257609173
48 5.98866987824285957
49 32.84426456511316417
50 22.92351472729296802
51 14.51602528115976298
52 15.30238468882912883
53 8.94427190999915922
54 28.87162969491145503
55 25.40160362416473561
56 12.80586407951780359
57 23.34374785399255359
58 3.93378057764673628
59 5.64446167125878873
60 2.13608245933433061
61 12.16641725805030916
62 24.70751013777542227
63 16.54872011891765737
64 51.96409773957475409
65 56.65445730050362272
66 43.34660912113575648
67 18.17592734877213445
68 16.44859015674711600
69 9.12867049270968423
70 3.66218329006362353
71 0.69312981983495803
72 5.84266090677361660
73 13.82328062359218990
74 11.34029224225247390
75 23.19541660758275015
76 1.09101941896209453
77 3.32015727716024855
78 22.36483885742735112
79 16.48542002029543241
80 1.71746478329703223
81 21.69732340957791195
82 24.11306653677368672
83 12.00706054509927156
84 30.85319251698522791
85 24.35981042530636387
86 36.01218996690388963
87 14.16973860687649278
88 16.46639964663530975
89 2.91867962609383369
90 7.07106781186547551
91 5.23943317932480568
92 1.98446157672177392
93 4.69968772550651082
94 20.88550311977920870
95 5.85513343344714343
96 5.72167528609568521
97 8.90712375993795646
98 4.45535431124874037
99 11.63495411031716742
100 7.06795599665179708
