1 0.10119211251466709
2 10.62454029999096861
3 10.49001764726398633
4 14.72646230145315371
5 11.71261939896854898
6 21.25454298116724061
7 15.58924630405623901
8 12.19620863201434702
9 17.15028706783457579
10 18.42402975609844873
11 25.96575192116601016
12 17.09711028149403944
13 0.37881359084654775
14 17.41319683651504135
15 29.12023157758250136
16 16.56410050077266760
17 15.75080104907210909
18 5.64316655539691681
19 25.33198476783602615
20 31.62277660168379967
21 13.70649413328611743
22 24.34290297830958139
23 30.51715191679862471
24 18.40637744891411387
25 18.32902949409645998
26 14.77046168079791855
27 0.18486144410054806
28 1.40878523236760955
29 20.12766125274318085
30 15.61381007970240020
31 16.48760740273318248
32 11.92042278442648851
33 14.02734321669289841
34 11.94439778262792373
35 40.55626270613070261
36 34.28586922917311597
37 9.83349513589705282
38 44.71484008115612596
39 11.74958915663091830
40 13.41640786499873528
41 32.11888982334971843
42 2.51700943733576565
43 19.52058628298098597
44 18.49906532269362458
45 21.52060934611584031
46 28.53203739440230891
47 17.03814472919133749
48 5.95120237393955875
49 26.10481635692828917
50 20.08864488767751766
51 14.68622849852112822
52 14.39245184328238025
53 8.94427190999915922
54 28.71605672688473021
55 26.19819578855346265
56 11.94301123453206515
57 14.37021611480005134
58 1.92728578136088657
59 4.73452882571204015
60 4.98966582030737982
61 11.06039520595737713
62 25.84301109446088418
63 20.83515507617342166
64 54.45457849480716561
65 56.92601027770046329
66 45.26010571783950098
67 23.36459426643583015
68 16.44859015674711600
69 12.41867613667422887
70 1.47509977585360730
71 3.88178570396402023
72 5.25036394964189412
73 4.22247279688273380
74 11.86864751731620515
75 17.21015752553034872
76 2.30624475163206455
77 3.25523525071021425
78 19.21615843157094616
79 15.99521367863449584
80 -1.76000383861296328
81 21.07198438786745598
82 24.42736769494487703
83 10.78282654138136110
84 31.36807975703914764
85 24.87469766536028004
86 36.52707720695780580
87 28.97573308333999620
88 17.92515424571674032
89 0.02762876081747123
90 7.07106781186547551
91 5.88780880699457754
92 4.87153770650181883
93 3.50738925071973995
94 21.79543596532595728
95 4.09913880021589705
96 7.22274294368144609
97 6.91808564973904794
98 6.46850281155697360
99 11.63495411031716742
100 5.65685424949238325
