1 13.82737962346814697
2 10.41255013159062770
3 16.13796415551495045
4 27.14687640472968511
5 23.58319840339266804
6 18.21266961219458480
7 17.99326057654154809
8 1.67336177082037807
9 15.73881491186728709
10 21.74499110057621465
11 38.20123078630120972
12 10.39875412837584179
13 -12.52670509392252640
14 10.28413679465483099
15 24.27552077751693815
16 26.82633688119037885
17 9.99771337158461648
18 31.62277660168379256
19 12.62638136184860826
20 35.74773856209692724
21 30.00250854788326649
22 3.21274289618888176
23 0.00000000000000000
24 0.53709763358484963
25 -11.55380900369735642
26 22.36067977499789805
27 10.00000000000000000
28 12.64911064067351809
29 36.83423780399839131
30 14.71501590846278873
31 34.92849839314595783
32 32.06426008558602803
33 12.93562942660191339
34 25.83277487204781409
35 23.72154465383695765
36 -3.16258914199778829
37 22.57147265519401813
38 48.95375578916441839
39 13.03420962293536789
40 22.36067977499789805
41 31.31701065702998577
42 12.46485359033452767
43 41.29789330687248139
44 -5.40249141198943050
45 12.15183211702509425
46 42.94457704110303098
47 68.41052550594828574
48 0.84319058883417597
49 21.79409641269640474
50 33.94112549695427816
51 26.11741447087827339
52 22.62741699796952233
53 8.94427190999915922
54 34.40525510951616184
55 26.91375122487683313
56 -2.99483711892800741
57 26.48233764551304859
58 3.93378057764672917
59 -15.28754050802372078
60 -13.51043558002935185
61 50.99019513592784847
62 32.30378533719570555
63 -20.43079045475063538
64 92.38568135489636290
65 37.04537360377605637
66 38.31737039410668899
67 69.55598484352429978
68 -4.94300087656738185
69 24.33105012119287736
70 11.91466573680175145
71 17.69837487397703057
72 0.01816280833978112
73 40.24922359499621649
74 25.56848071785751486
75 20.74146111043397056
76 31.30495168499705727
77 13.67709587346273281
78 27.28428056690209047
79 15.92122667685385551
80 20.25278339501655367
81 4.32770021583132802
82 46.64761515876240594
83 9.40451283207546851
84 16.10182624909701943
85 10.73261691778363769
86 41.11067177207165457
87 33.04329399112508270
88 38.47076812334268681
89 7.06668978889714694
90 -24.30245473982058257
91 5.23943317932480213
92 -14.79048475942863305
93 4.15246514310184978
94 24.08318915758459156
95 29.73213749463701205
96 12.47464848489739708
97 3.23830680577999885
98 3.98658111206012222
99 33.12650536033501680
100 11.31962392180564336
