1 0.03285403044168334
2 10.62454029999096150
3 0.63292866762478184
4 14.72646230145316082
5 8.15106749376327144
6 22.36067977499789805
7 19.42937146412944571
8 20.08882214280782108
9 17.70335546474991162
10 18.42402975609844873
11 37.14768258522641275
12 13.22710179619704007
13 0.13973836600714407
14 19.78235807127371260
15 34.65950439212912215
16 14.31250159266834743
17 15.32777015522985664
18 5.64316655539694523
19 25.53547270100138888
20 31.69111468375677987
21 13.70649413328612454
22 17.24889392414677047
23 39.75646397622509909
24 17.95260237260380620
25 18.32902949409646709
26 14.77046168079791855
27 0.18486144410054806
28 3.71112917839557355
29 21.50656454409798357
30 16.16687847661773247
31 15.38147060890252504
32 13.07921493051222228
33 13.47427481977755548
34 2.04509258921964943
35 40.98425946342597115
36 22.90045063194735064
37 9.83349513589705282
38 55.08638441426616339
39 11.14939841767045436
40 13.41640786499873528
41 24.42469003022646490
42 5.09107545939208705
43 19.68051179425138741
44 5.79026761896226816
45 20.96754094920051514
46 18.55051140974842383
47 30.30898786711215820
48 5.95120237393953744
49 26.10481635692832469
50 13.03608506177580040
51 15.16902028001999980
52 13.28631504945172281
53 8.94427190999915922
54 29.06974632259746016
55 25.98396153237141704
56 11.72877697835001953
57 14.58220628320042067
58 2.23255183653001410
59 6.46961844118656870
60 2.56859556913047982
61 13.51581031733201144
62 14.66108043040048159
63 9.44973647894765634
64 65.83999709203291673
65 55.89015009928623812
66 45.32844379991250605
67 14.93970720215186532
68 22.04388055886061437
69 11.38281595826001080
70 0.24796954769489332
71 4.36457748546290247
72 4.65017321068143019
73 12.13090684618802584
74 11.34914720596503912
75 25.11859157483566207
76 4.98035536865271666
77 2.82723849341496702
78 28.28962873053974647
79 22.25267355272448100
80 0.83326466978222413
81 23.08232220857102135
82 23.87429929802951634
83 10.22975814446603593
84 32.47421655086979086
85 25.98083445919092327
86 42.55329380611143364
87 17.12612787301028305
88 15.19116587947419106
89 2.44869901199437834
90 7.07106781186547551
91 5.23943317932480568
92 4.90570814404356526
93 3.93042014456199240
94 23.38965078290425836
95 6.68029020337492341
96 7.22274294368144965
97 10.64726664236311393
98 0.53576461119088492
99 8.30564967726433778
100 6.11339650175440852
