1 0.03285403044166912
2 10.62454029999096150
3 12.42939041103231546
4 13.78154077411040390
5 11.98154673469426612
6 19.35782385306046649
7 13.69252717594946489
8 22.51826469052869584
9 16.39504242226904296
10 18.42402975609844873
11 36.73741742727652593
12 16.02373708283157328
13 0.37881359084653354
14 7.87038894343518791
15 26.37745066179122233
16 17.98777691425166125
17 15.41027097521164535
18 5.64316655539691681
19 14.56031926172551039
20 31.69111468375679408
21 13.70649413328612098
22 25.88801524461277381
23 30.51715191679860339
24 15.79359428174205959
25 18.32902949409646709
26 14.77046168079791499
27 0.18486144410054806
28 0.54409977762963990
29 24.79611861447781962
30 14.66545051564901314
31 18.38432653083995660
32 13.07921493051220807
33 10.30724541901162183
34 12.01467439804437731
35 40.72086792952164558
36 34.28586922917311597
37 10.29258267712178565
38 46.73019772691773710
39 11.74958915663091830
40 13.41640786499873528
41 33.06381135069248245
42 5.09107545939208705
43 24.58739191004262636
44 21.30024001681069024
45 22.46896891016922737
46 18.55051140974842383
47 27.46928016144140372
48 5.95120237393953744
49 29.28645113847595383
50 20.08864488767753187
51 13.66759231905128047
52 16.28917097138915437
53 8.94427190999916277
54 27.98656991401328753
55 25.25327426121070573
56 11.94301123453206515
57 14.37021611480007266
58 1.58675570750042993
59 6.63124795381881427
60 4.98966582030738692
61 11.73118610543474816
62 11.88971080680272507
63 20.83515507617342166
64 51.27294371325952227
65 58.89300602122366968
66 45.13532888142466959
67 24.30951579377860838
68 16.51886677216357668
69 14.38567188019744947
70 0.24796954769489332
71 2.86314952449419025
72 5.25036394964189412
73 4.22247279688271959
74 11.26425606383391198
75 16.60996678656990611
76 2.30624475163207876
77 2.82723849341496702
78 18.46091378600543464
79 15.85870092640008977
80 1.71746478329703223
81 20.05334820839760823
82 25.37572725899826409
83 11.73118610543474816
84 29.47136062893237352
85 23.42944771633315071
86 35.19623594204983164
87 29.31626315720043863
88 17.92515424571674032
89 0.02762876081746413
90 10.25270259341311885
91 5.50083456053481257
92 5.04025260023676935
93 3.55383342331904828
94 20.55063803505638731
95 6.84191971600716897
96 7.22274294368144609
97 6.57755557587861261
98 3.97341682105513883
99 10.98303291247996327
100 5.70329842209169158
