1 4.58553878358743816
2 10.62454029999095795
3 7.75576510894300952
4 14.72646230145316082
5 11.99041727568351234
6 20.11109684970628209
7 17.17978853883784396
8 19.72252339262178467
9 16.57856400210411607
10 18.42402975609844873
11 31.71139758841356482
12 4.21413587957214730
13 0.09111766745922978
14 13.54946682921497825
15 24.70314368233379909
16 17.94551908597362555
17 15.12257505182434159
18 5.64316655539694523
19 29.86232617492818164
20 25.96979704124591493
21 14.32893315381948440
22 27.37067369337326994
23 24.21136109001307801
24 21.61433495120975579
25 18.32902949409646709
26 15.39290070133127486
27 0.18486144410054806
28 4.83592064104138331
29 20.12766125274315243
30 15.04208701397192272
31 17.63105353419414101
32 18.80053257302309078
33 14.59906628242336524
34 5.41733383032269700
35 40.98425946342595694
36 24.00988215483340227
37 9.05680617889999162
38 47.05128093759383034
39 15.41580983891287104
40 13.41640786499873528
41 34.75845996785331948
42 6.07834712451079895
43 18.91718456525208580
44 21.25798218853265098
45 22.66382626543787282
46 18.55051140974842028
47 24.87270287029931026
48 6.31750112412558451
49 25.73851760674226341
50 20.15892150309399256
51 14.04422881737419004
52 15.53589797474333878
53 8.32183288946580291
54 24.73804788665874099
55 26.19819578855345554
56 11.94301123453205804
57 14.37021611480007621
58 0.64786668409610115
59 5.87797495717299867
60 4.21297686331032395
61 11.62096376563687627
62 20.09736542721332953
63 10.55916800183370796
64 64.73056556914687576
65 58.13973302457786474
66 40.77575904676673701
67 26.00416441093942410
68 16.44859015674711600
69 13.63239888355163032
70 0.24796954769489332
71 3.23978602281708561
72 8.91658463192386108
73 0.96046363184576933
74 13.14806661458099057
75 10.51616612818469321
76 11.35082602774799909
77 2.82723849341496702
78 25.17149931814572739
79 16.43330665010800828
80 1.71746478329703223
81 20.42998470672051781
82 24.42759690708377107
83 11.92604346070339361
84 29.85833487539214559
85 24.81302018596288050
86 35.51731915272591777
87 26.26231627255239331
88 15.19116587947418040
89 1.17061646800056440
90 7.07106781186547551
91 5.25958280974683134
92 6.01498383796277736
93 4.50191399815353765
94 20.65198983386499876
95 6.08864671936135338
96 6.44605398668438312
97 9.63150246052666503
98 4.73556035869020420
99 11.63495411031716742
100 5.65685424949236904
