1 5.29279782986793634
2 6.68629150101524061
3 8.13712189459899093
4 15.58999445430217889
5 -15.91996463997287492
6 22.36067977499789805
7 27.95974591474403681
8 4.43526087941320313
9 10.61304122156187191
10 31.05953099677100582
11 31.05089619074545837
12 30.00000000000000000
13 15.91900993573720058
14 -54.93591282333132853
15 19.12327132374209882
16 45.30086610056062568
17 30.90029222939928744
18 31.62277660168379256
19 18.99675785480978263
20 40.55263818933264730
21 36.05551275463989214
22 -16.30615430122579568
23 36.18661949380310716
24 -16.36067484791341542
25 -5.85820779647307432
26 22.36067977499789805
27 10.00000000000000000
28 12.64911064067351809
29 41.21050231682477971
30 18.44469807482727930
31 34.92849839314595783
32 43.46835077281035353
33 16.07817024524693039
34 16.19237465769370488
35 30.65062390077214616
36 -13.12907448020027701
37 12.44058152796598193
38 68.73052483485709274
39 63.01216810722528550
40 22.36067977499789805
41 36.01131884163886099
42 39.92129738590239185
43 36.91877393002165775
44 34.23463631076815972
45 -7.38507729466281404
46 16.03520405316711717
47 68.41052550594828574
48 27.53613640049740141
49 13.98611457071338648
50 33.94112549695427816
51 23.45949531849456093
52 22.62741699796952233
53 8.94427190999915922
54 35.63873314922707891
55 16.16643883351132871
56 -18.43645769490240127
57 41.76547822651592412
58 3.93378057764672917
59 4.67871312365392100
60 20.20746237279917068
61 -4.24258752953155849
62 20.56915596307124972
63 -19.44260452142324525
64 93.03762679690406401
65 43.43297492252425940
66 42.95852241815080674
67 0.00000000000000000
68 -8.41124997860462287
69 24.33105012119287736
70 3.38008394320154792
71 15.04045572159331812
72 44.94441010848846219
73 10.75821186215446090
74 14.01159876743002641
75 46.77191408280236828
76 15.00820731221852355
77 17.78450836482259945
78 36.01666537046705230
79 12.61672517800823101
80 20.89936574147844794
81 4.49144781902293033
82 46.64761515876240594
83 42.19004621945797595
84 19.23030451204601476
85 10.69707838573841840
86 70.71067811865475505
87 36.76955262170046979
88 38.47076812334268681
89 2.91867962609383369
90 -33.61699463601537730
91 8.58370153894179211
92 -40.68074788892908344
93 4.15246514310184978
94 24.08318915758459156
95 29.73213749463701205
96 22.88461388205347191
97 24.30247916182051426
98 -38.86751235234959267
99 34.98571136907180090
100 18.16062778857537907
