1 0.13993342349854743
2 16.25364124455765591
3 9.60811620516161469
4 14.72646230145316792
5 12.85773287128184528
6 19.51945336569270850
7 13.85415668858170690
8 22.82281050905035613
9 17.97679142159923416
10 18.42402975609844873
11 23.84608945411408598
12 6.85663113710175764
13 0.37881359084653354
14 25.66141552480705101
15 26.50111383385716124
16 16.57133707500609532
17 15.32777015522985309
18 5.64316655539694523
19 29.27068269091460806
20 28.73122578039660979
21 8.07739318871942302
22 16.22023467282221532
23 33.95564080506206039
24 19.10605539660448215
25 18.32902949409647420
26 14.77046168079791499
27 0.18486144410054806
28 5.13174238304817365
29 25.94840192221081310
30 14.74626527196513592
31 18.22269701820771459
32 14.77323229472979094
33 14.89488802443015558
34 11.59065890892733819
35 39.29021030192404851
36 32.46683377314645469
37 9.83349513589705282
38 49.41788254735840269
39 17.37869010119760560
40 13.41640786499873528
41 23.99622151786235236
42 12.54904806205772871
43 19.25572195144373211
44 4.83210979912958294
45 22.38815415385310814
46 18.55051140974843094
47 14.27340636975730348
48 5.95120237393953033
49 29.28645113847596093
50 17.19709406639034199
51 16.71023451207105026
52 16.12754145875691236
53 8.94427190999916277
54 27.91629329859679132
55 26.19819578855346265
56 11.94301123453206515
57 21.14280338617535193
58 2.44678609271207392
59 6.46961844118657226
60 4.98966582030738692
61 11.65037134911861294
62 24.78103877996516502
63 19.01611962014676038
64 53.09197916928618355
65 33.86920978794633896
66 43.52731524535371932
67 14.29700443360569295
68 16.44859015674711600
69 11.26221493086155689
70 1.51384108683748764
71 27.80613100145539818
72 10.87946489420858143
73 12.34514110237007856
74 11.34914720596503912
75 19.70372488645101328
76 11.35082602774799554
77 2.82723849341496702
78 14.57566098956854006
79 11.64263855435297756
80 1.04749892596427685
81 23.09599040141738158
82 25.29491250268210933
83 11.65037134911862715
84 29.63299014156461553
85 23.13960804988574793
86 34.41540087024034023
87 13.08393909961336021
88 17.92515424571674032
89 0.02762876081746413
90 10.25270259341311885
91 5.23943317932480568
92 3.08771777007188319
93 3.93042014456198885
94 23.25898116090153778
95 6.68029020337492696
96 7.22274294368144609
97 10.40819141752371912
98 6.41482206472423044
99 8.43631929926705482
100 7.28578857776916955
