1 30.46309242345563462
2 36.00000000000000000
3 44.72135954999579610
4 45.09477414858002220
5 41.23105625617660763
6 22.36067977499789805
7 42.42640687119285303
8 52.49761899362675166
9 -49.00857197036435053
10 50.99019513592784847
11 50.87083157710497971
12 30.00000000000000000
13 20.81416102265107781
14 -64.95903032688325140
15 60.82762530298219872
16 58.30951894845300387
17 -5.92590053055015176
18 31.62277660168379256
19 64.03124237432848531
20 62.21272968983842588
21 36.05551275463989214
22 53.85164807134503917
23 72.11102550927978427
24 -49.47148473843252248
25 -115.47530575662409547
26 22.36067977499789805
27 10.00000000000000000
28 12.64911064067351809
29 59.66573556070519402
30 50.99019513592784847
31 34.92849839314595783
32 0.00000000000000000
33 7.27232617720712682
34 72.11102550927978427
35 -68.87126356857571352
36 6.80658575860144310
37 -1.23096739225476171
38 84.85281374238570606
39 14.38922241780583278
40 22.36067977499789805
41 57.72347875864724642
42 -16.75909623977723584
43 60.15908774989924268
44 0.00000000000000000
45 58.30951894845300387
46 0.00000000000000000
47 0.00000000000000000
48 0.00000000000000000
49 0.00000000000000000
50 33.94112549695427816
51 53.85164807134503917
52 22.62741699796952233
53 8.94427190999915922
54 45.60701700396551672
55 21.25044797548205366
56 -60.35447470303661532
57 46.38965401897280572
58 18.11077027627483460
59 8.62052737955654180
60 36.05551275463989214
61 -74.22075031142173884
62 42.27147154792251627
63 0.00000000000000000
64 64.91840130727663905
65 99.85990186255942547
66 80.99382692526634742
67 87.72684879784523559
68 42.75511665286389729
69 24.33105012119287736
70 0.24796954769490753
71 56.16126154795863101
72 44.94441010848846219
73 40.24922359499621649
74 49.19349550499537571
75 2.48216593737809177
76 31.30495168499705727
77 23.46162540811011610
78 38.18740560716602062
79 51.10772935672255102
80 42.19004621945797595
81 55.17245689653488938
82 46.64761515876240594
83 0.00000000000000000
84 48.66210024238575471
85 42.16871815070689422
86 0.00000000000000000
87 36.76955262170046979
88 38.47076812334268681
89 18.00000000000000000
90 0.00000000000000000
91 5.23943317932480568
92 36.76955262170046979
93 19.23288845640244915
94 24.08318915758459156
95 29.73213749463701205
96 8.99706015419917549
97 34.40930106817050671
98 0.00000000000000000
99 34.98571136907180090
100 26.40004723510624274
