1 11.07991097726168306
2 16.25364124455764880
3 5.12655373816239290
4 14.93845246985351594
5 3.67205260723089744
6 18.26468102321710774
7 12.59938434610610614
8 29.24132882656928700
9 28.27555113299192868
10 18.42402975609844873
11 29.00749095716188819
12 17.23606797749978625
13 3.61088126370623286
14 9.81979413941343715
15 32.89516902578449731
16 22.74157464625506009
17 28.86870584310272392
18 19.90738705262268127
19 27.88855118167216673
20 18.15276076843769104
21 -9.21090077238860871
22 7.73336530931375421
23 39.78136995573935053
24 29.04917813840469165
25 27.59502804065087389
26 16.01533972186463473
27 4.35986218093456834
28 -1.47412416273202140
29 28.90564806813293330
30 18.71181756203293389
31 14.30078468474989251
32 20.13397224867554769
33 9.58086451853373688
34 -7.61213600894456732
35 49.75099598472632323
36 12.79381243737462270
37 18.60152397965946136
38 28.53109009895443293
39 20.50375116704604750
40 13.41640786499873883
41 28.08783045924275612
42 -3.29257332333590114
43 35.45500490001022342
44 23.45026178596844701
45 18.84103077639388957
46 2.44829622153399029
47 31.24927539905432994
48 1.66647715209572311
49 39.66706295730487852
50 17.74088338702544831
51 16.12280523482596806
52 12.20562912529909028
53 8.94427190999915922
54 16.33763779055061605
55 25.27932663653795942
56 19.58054567913826816
57 21.83263807278003199
58 -0.16306052794421078
59 5.07225257848654998
60 18.03575842656169215
61 22.45834737882331211
62 22.80127205846500615
63 -0.98801739520970955
64 67.00022958765754311
65 23.18411933147671533
66 39.13000831710255056
67 -3.00091517745892844
68 21.42137174955794165
69 10.44566550195439092
70 8.06500582050312786
71 36.79529107155723722
72 31.90640485574393637
73 30.87097055294045589
74 13.36005678298137411
75 7.76259133206406204
76 8.59505418130350307
77 3.32015727716024855
78 25.46327432990041473
79 14.66471081398637466
80 3.12472345140272978
81 22.89344299386786474
82 26.73441248705813678
83 9.40451283207546851
84 12.69084412028452213
85 12.43801339762596392
86 26.32444153548886590
87 17.39071805494217315
88 23.10183892165016317
89 7.01467837787462489
90 15.01514951474577231
91 6.11362257160361189
92 13.11912239869443653
93 4.15246514310184978
94 23.94766222502345698
95 7.81947478554039321
96 7.35826987624258777
97 14.72816322993487503
98 13.80115262238134655
99 11.66955056860295770
100 8.32257808388258979
