1 0.10119211251466709
2 13.28832495614994258
3 5.57238664419136853
4 12.70468535816702627
5 10.47038161672033318
6 20.31482474596415955
7 16.00405769437226766
8 22.67726680335907119
9 14.53092339246015285
10 18.42402975609844873
11 29.21179702485353147
12 10.27263907446582891
13 0.09111766745922978
14 21.53643806902111635
15 31.78401623374147533
16 11.37963558518863749
17 10.26036605309654703
18 5.64316655539694523
19 33.40926387460709890
20 36.29131201093417758
21 11.04270947712713991
22 17.14321770173380344
23 35.95269964002778806
24 17.89166741724919518
25 16.30725255081033964
26 14.77046168079791499
27 1.53939106961965777
28 -0.43962958520199891
29 19.06941767279155897
30 9.94586761730694491
31 17.42732563793626355
32 11.72274677164963563
33 9.29911898950051352
34 11.94439778262790242
35 42.04102068649358159
36 22.90045063194736485
37 7.62426613233022721
38 52.34363666819737659
39 12.98389382663550151
40 13.41640786499873883
41 26.34079075109962531
42 9.00207303007242388
43 18.96795080145604118
44 7.92788898191901126
45 19.32388285849951259
46 21.35738762236745458
47 21.65571672176461249
48 1.33536147251108162
49 33.96438642667156671
50 18.95927240117400459
51 14.74591731646312098
52 15.33217007848546132
53 8.94427190999915922
54 29.18384948431118175
55 24.75959591129190329
56 12.37785893760258915
57 10.54286850951897492
58 3.93378057764672207
59 5.67424706091512121
60 4.31701349128159162
61 9.94783941126355131
62 22.59696599077336288
63 9.44973647894767055
64 62.59626792371811632
65 57.15021109592292703
66 46.80978572465241427
67 20.15511869374976328
68 22.24649805250102474
69 13.42867098729375641
70 0.24796954769489332
71 4.72726855430308035
72 6.48466861964646313
73 13.60927805263455781
74 11.12628967129485602
75 21.91140118183707131
76 5.72225268899613582
77 3.32015727716024855
78 23.45294623190206096
79 22.73917142126933300
80 1.71746478329703223
81 21.13167320580944875
82 24.22060261434321760
83 13.46711232605609965
84 31.55317278900652767
85 29.43872024586914193
86 45.10926483933124587
87 24.01775770750786876
88 16.57062462019763061
89 2.91867962609383369
90 7.07106781186547551
91 5.58324135889139939
92 2.50151764243354791
93 4.38198334526684619
94 23.94766222502345698
95 5.88491882310347592
96 6.55009061465565257
97 9.21227636941220140
98 6.77543506785554683
99 8.54300961541658666
100 5.33319570034780810
