1 0.10119211251466709
2 16.25364124455765591
3 12.49966702644879035
4 14.93845246985353015
5 12.46004718114613041
6 20.31482474596414534
7 14.64952806885314374
8 19.85758676727677852
9 16.64528964252480847
10 18.42402975609844873
11 31.67301014719631524
12 10.33421373856280923
13 0.37881359084654775
14 19.07922224381269416
15 33.08330711485152165
16 12.28061230985026242
17 15.33696053222104894
18 5.64316655539694523
19 19.62472654180572107
20 31.62277660168379612
21 8.07739318871942302
22 17.98337431519755114
23 31.63578020590405515
24 16.92220686716390077
25 18.54101966249683642
26 14.77046168079791499
27 0.11458482868408737
28 0.54409977762965411
29 24.35275647573420343
30 15.17908926980909001
31 17.42732563793627776
32 13.14755301258521314
33 10.45344081093675470
34 7.37254509837372751
35 40.49134067968067541
36 23.33652435311292095
37 9.71908645177789055
38 48.72707165831683085
39 17.37869010119758428
40 13.41640786499873528
41 25.15917042127723846
42 4.97132084380215389
43 19.40617759886183080
44 13.27574709621487159
45 21.99046846371739150
46 18.55051140974840962
47 35.78366030514225571
48 6.18243774947058711
49 29.05521576294488284
50 20.08864488767753187
51 14.18123107321134313
52 15.33217007848547553
53 8.94427190999916277
54 26.78768071317496435
55 26.41018595695383198
56 11.94301123453207225
57 21.55807153649797669
58 0.85985685249645627
59 5.67424706091512832
60 2.56859556913047982
61 11.48392103451393353
62 20.13575286843057910
63 20.83515507617342166
64 51.27294371325955069
65 57.93600512832002636
66 45.26010571783950809
67 16.19288469596298796
68 16.44859015674711600
69 13.42867098729377062
70 0.24796954769488622
71 3.37678827865423159
72 10.87946489420856011
73 10.75821186215446090
74 13.36005678298138122
75 17.51660490727496722
76 12.09833864927798430
77 3.32015727716026987
78 23.13681829859024219
79 11.75613037302293407
80 1.71746478329703933
81 20.56698696255767089
82 24.89722681254639269
83 11.25268565898291229
84 30.19712614630500269
85 23.70374405462613510
86 40.42490009999934841
87 17.22620564593981385
88 17.92515424571674032
89 2.67993438752541380
90 7.07106781186547551
91 5.43287004901496573
92 4.08325170733308340
93 3.62179793483890933
94 20.85571773012286201
95 5.76516420751354985
96 7.22274294368145320
97 5.85065672087463895
98 5.52867277600062579
99 11.63495411031716742
100 5.77126293361155263
