1 1.40065339684561252
2 14.40520851199319452
3 12.23803090344271993
4 14.93845246985353015
5 12.18095469951099119
6 19.83663322544630603
7 14.17133654833530443
8 21.18273862003499985
9 22.04379285769925900
10 10.89570936255641698
11 32.07616255898710733
12 13.26276713751534686
13 -1.66958897881046653
14 19.04051676767151946
15 32.90089978958472017
16 17.55460872147663665
17 10.39474939404779263
18 4.83373875276188336
19 21.99489317129598831
20 32.14279291776004754
21 9.92582592128389152
22 17.98337431519754404
23 19.55868774979950686
24 30.65986422688155244
25 23.31310746893759500
26 14.77046168079791855
27 0.18486144410054806
28 -6.30007539051874943
29 34.73892106644482425
30 18.81326670806515722
31 17.90551715845411707
32 13.11086614235709646
33 9.29911898950051352
34 3.45805946409713272
35 40.54649250316950315
36 14.55623795345367100
37 10.05014203453166566
38 55.79149839005700784
39 25.54759110750585549
40 13.41640786499873528
41 28.29783092040661785
42 5.92814930492217229
43 20.65073117447960982
44 7.05387483465510101
45 22.18956750260011646
46 21.35738762236745458
47 42.90882828689349537
48 1.33536147251108162
49 32.46985824334748827
50 19.60657537851032828
51 9.54884579836118519
52 15.81036159900331484
53 8.94427190999915922
54 18.28892711472975208
55 15.89648872191321516
56 10.14409182591609593
57 16.41861868445706207
58 2.87076642951279837
59 6.15243858143297473
60 3.11495783460009923
61 10.51518395252950810
62 27.26092085018181876
63 2.83189009654986990
64 70.70864248943999542
65 55.85913836831097967
66 44.01579625699739040
67 25.84268557435911973
68 18.75013726632151645
69 12.60740122348066450
70 1.51384108683748764
71 0.00000000000000000
72 9.55859234479671471
73 12.76912143917080655
74 11.34914720596504267
75 18.83747745668681617
76 18.40162801959984051
77 3.32015727716024855
78 17.76430934010364382
79 4.39119513363058189
80 1.71746478329703223
81 23.98073101465263335
82 25.88422295628512160
83 14.43088036488910220
84 31.92640212755691920
85 24.73492671961108869
86 35.67243681259824939
87 22.20318165352884776
88 17.92515424571674032
89 0.02762876081749077
90 7.07106781186547551
91 5.23943317932480568
92 1.46039783891542641
93 4.24760000431558638
94 23.06903274639491741
95 7.00090823988426614
96 8.10137242230999810
97 9.90996886754797046
98 8.78691720056849590
99 8.94344757352727449
100 3.91629723364470195
