1 4.58553878358743816
2 10.41255013159059040
3 9.22120126371807913
4 14.93845246985353015
5 10.35775571918952664
6 20.31482474596415244
7 14.64952806885315084
8 22.51826469052868163
9 16.68042795023305302
10 18.42402975609844873
11 25.02603368596292199
12 15.82829389794811448
13 0.37881359084655486
14 19.15253268680328347
15 27.16890555889386860
16 19.44776318920039415
17 15.41027097521165956
18 5.64316655539694523
19 26.27170300303911432
20 27.13842993061102504
21 13.91848430168648854
22 17.17119340783672499
23 37.15885718408590321
24 20.34686802181971643
25 18.54101966249683642
26 14.77046168079791144
27 0.18486144410054806
28 0.54409977762965411
29 20.27385664466827109
30 15.14395096210084546
31 17.42732563793627065
32 17.63189968365799132
33 14.49720233429442828
34 7.58901710571532107
35 40.91398284800947494
36 34.28586922917311597
37 9.59896002507836243
38 56.56302968016504451
39 11.85561312301574333
40 13.41640786499873528
41 24.94718025287686203
42 3.38993749541157285
43 19.47948804185248406
44 5.29316818838540826
45 21.99046846371738440
46 18.55051140974844515
47 15.45335060160613239
48 6.25574819246120484
49 25.80027053840664308
50 20.08864488767753897
51 14.21636938091958058
52 15.33217007848546842
53 8.94427190999916633
54 26.64148532124988833
55 26.41018595695383908
56 12.15500140293244158
57 27.39916264946505464
58 0.85985685249644916
59 5.67424706091512121
60 2.56859556913047982
61 13.04989742587299162
62 26.78272932966397235
63 20.83515507617342166
64 54.45457849480716561
65 57.86572851290353725
66 40.77575904676672991
67 16.19288469596297375
68 16.44859015674711600
69 13.35839437187730994
70 0.24796954769488622
71 3.41192658636247614
72 5.35638791602671915
73 10.75821186215446801
74 13.36005678298138832
75 23.85186279281762722
76 6.56912018218443450
77 2.82723849341496702
78 23.02576121437339651
79 11.79126868073115730
80 1.71746478329703223
81 20.60212527026590834
82 24.89722681254638914
83 11.25268565898290873
84 30.12381570331437075
85 24.16674868223303463
86 35.36004068260582045
87 17.22620564593982806
88 17.92515424571674032
89 2.75324483051604574
90 7.07106781186547551
91 5.23943317932480568
92 5.73794549871425374
93 3.81523480452908359
94 20.85571773012286911
95 5.83847465050414627
96 7.22274294368145320
97 5.85065672087461053
98 3.35307087105341850
99 11.63495411031716742
100 5.96469980330171978
