1 0.03285403044168334
2 12.43231467231949061
3 2.82865065403073856
4 12.91868792912464592
5 12.27362495425334288
6 20.69353742588244671
7 15.02824074877144511
8 20.13562459775914704
9 19.25819194676323320
10 19.97075391255413734
11 23.85802220942552765
12 11.16175783425780565
13 0.37881359084652644
14 14.95821601758859032
15 30.92800594991101804
16 18.82948812594581511
17 11.59395473090581419
18 5.64316655539694523
19 15.33327674218982395
20 26.35772905161588398
21 11.89871976095759187
22 17.14994763776268627
23 35.99240797432915429
24 17.19649149801723809
25 16.52125512176795041
26 14.77046168079791499
27 1.73158560055623667
28 6.57953770546345140
29 31.02469657178507134
30 14.55994522383215894
31 15.50188880156228777
32 18.80053257302309078
33 11.98775975965175178
34 18.77178004205553918
35 32.87702720604849560
36 23.43602755761675382
37 6.98170518867740952
38 33.23615991050621687
39 13.20462633362198801
40 13.41640786499873883
41 26.13351811617089382
42 1.95600388205098596
43 26.31539614441444286
44 23.75920691164172638
45 22.80735725319587459
46 22.20202481610827050
47 40.89313194037161026
48 1.33536147251108162
49 32.26738141481245492
50 13.03608506177577908
51 13.56208702723442627
52 14.95345739856717415
53 8.94427190999915922
54 29.82585719718403539
55 25.40160362416474982
56 12.80586407951780892
57 25.37939810873615443
58 3.07104035778737483
59 5.29553438099683405
60 1.13428745996240110
61 13.01037156147053508
62 26.40401664974567808
63 9.98531340461705241
64 63.75769600990783914
65 58.76821252462333689
66 45.26012237802498817
67 19.03866756863145326
68 24.06617796876554394
69 11.50323415091978063
70 1.40676169378062355
71 0.00000000000000000
72 6.70540112663296384
73 12.96054040373283733
74 11.34029224225248278
75 22.33267638772341002
76 11.15128308106949362
77 3.32015727716024855
78 11.14563778377475955
79 12.19875917525828868
80 1.71746478329703223
81 22.54653985879191680
82 23.76413924651173204
83 12.00706054509927334
84 31.70888779346083908
85 25.21550570178197148
86 37.37332399924097359
87 15.01502214064888108
88 17.92515424571674032
89 2.91867962609383369
90 7.07106781186547551
91 5.23943317932481278
92 5.43254326178661273
93 3.04839466745758614
94 21.50645952632611113
95 5.50620614318518875
96 4.37095299646180280
97 8.06184022616555751
98 6.10664736929766860
99 11.36292499403221967
100 8.18393941635697075
