1 0.96233589422241295
2 22.67227838393112904
3 -3.85694270542335005
4 15.02641881517710942
5 12.26337456614958654
6 21.17011374605168328
7 18.96830629845136684
8 18.78481442395019485
9 20.29447851866338937
10 25.15435298606391257
11 29.73634051487408669
12 17.23606797749978625
13 3.86037354773872465
14 14.04120160043669330
15 37.39618376303616287
16 15.16866789343271194
17 20.95226103023074415
18 13.32825879737914221
19 26.21649154138825111
20 31.10063952216987104
21 15.34076354638163764
22 21.84527951616368568
23 33.25260854980537317
24 23.19201987882665605
25 7.18963366488947031
26 16.01533972186463473
27 1.13091266131778667
28 1.46519361255416669
29 27.03345571071571385
30 13.67006272299057912
31 24.71722400490692451
32 10.27476108056043813
33 19.58468588022368806
34 4.19831005767136389
35 40.51545338590209155
36 28.88136158917320984
37 17.31314706172766194
38 51.95235374898810932
39 21.89539995238764902
40 13.41640786499873883
41 20.35446122626666465
42 0.92883413768734613
43 22.19096733961082890
44 8.82213595127841188
45 25.44239472518999889
46 7.31011050944781005
47 30.99000670749902042
48 11.15266235509820092
49 33.64737465492616764
50 18.94505302661799817
51 8.58888712267422960
52 11.95613684126659848
53 8.94427190999915922
54 25.62784069796556707
55 30.55064648323985921
56 18.50352636851584975
57 18.62000025346017651
58 0.42077790721204877
59 5.24122904316168103
60 15.57779906663529346
61 8.25737273106078362
62 18.60592560012904073
63 23.23606427416953579
64 56.93236873823767041
65 39.60097111634161138
66 44.64117768189286295
67 17.18230562686936480
68 26.35259289986014153
69 20.19103478245557426
70 1.84745029673641170
71 24.98484500494129179
72 14.81890080951271216
73 14.05267546714630100
74 13.44802312830495339
75 10.06637639096550174
76 5.06757221316508044
77 4.11992070544815192
78 24.69499556703471654
79 20.58917846468713719
80 3.33887178930303463
81 22.12516423100214524
82 21.81678606054840941
83 9.40451283207546851
84 23.49491242721420292
85 21.08314722975793387
86 41.81379310118319381
87 14.18471873488854840
88 16.98240925333739426
89 4.10924565504004846
90 3.98781663293604538
91 6.31594148168906599
92 10.23149890463674438
93 3.50738925071975416
94 23.94766222502345698
95 7.81947478554039321
96 9.51720435104029860
97 13.43314781273684133
98 6.28205774277226681
99 11.66955056860295770
100 8.36975145782964347
