1 1.77593213542768069
2 11.13957772209203512
3 14.77633629466416210
4 14.21142487935208720
5 10.55307319512452224
6 20.57562575414232953
7 17.90217398704795215
8 21.63993028784318540
9 17.65785303507308868
10 18.42402975609844873
11 25.28683469414109908
12 17.96179573623200554
13 0.69788745504754957
14 10.94020624432867450
15 29.63526899968356787
16 11.60189784554042092
17 13.02358721042295286
18 5.64316655539694523
19 24.80308090529114651
20 29.94803657877078962
21 13.19145671118504737
22 21.70675714022976877
23 10.70283033043097021
24 15.79359428174207380
25 17.81399207199539347
26 14.77046168079791499
27 0.18486144410054806
28 0.54409977762964701
29 20.12766125274316664
30 14.42732688543900110
31 17.16652462975809357
32 13.61447194592840759
33 13.51977724945439263
34 23.97655298220568199
35 27.94808016418131302
36 35.49369031874290670
37 7.03409393509268455
38 46.69075381016752857
39 15.41580983891287815
40 14.66128590606545146
41 29.39759066841052970
42 1.83809221031088299
43 23.70911003314157739
44 18.82907464536743802
45 21.97695526599830629
46 18.55051140974842383
47 18.70599651980091238
48 1.59321801628516369
49 33.64443549613033468
50 22.36531415589288940
51 12.91712519754425870
52 15.07136907030729134
53 7.69939386893244659
54 29.06125722304363990
55 28.55278688434562895
56 14.66431038947125387
57 25.14715604425419571
58 0.42077790721204167
59 5.41344605273695123
60 2.19026461950301865
61 13.51096419919379699
62 26.52192832148579527
63 22.04297616574321239
64 50.06512262368972443
65 58.18754761143882348
66 43.58536569492650159
67 37.67314149683043212
68 16.44859015674711600
69 13.16786997911557933
70 3.66218329006362353
71 2.11268240298715426
72 8.91658463192384687
73 5.25254764108487393
74 12.34508054726290993
75 17.21015752553034872
76 1.16128082718524439
77 2.82723849341496702
78 20.72774849847634471
79 11.64397300478427155
80 1.71746478329703223
81 19.30288108689059356
82 24.27160805245983255
83 11.61750341089128824
84 32.87645816845112279
85 26.38307607677225519
86 42.69151468612979983
87 19.19026360593362313
88 14.93330933570011609
89 1.01806527281240022
90 7.07106781186547551
91 5.53958630359878867
92 5.55045493352671571
93 4.42563840055945690
94 21.11651873830104620
95 5.62411781492530594
96 4.42334174287707782
97 5.09250391138920122
98 6.46850281155697360
99 11.63495411031716742
100 5.98362054322872794
