1 3.81513872946403154
2 14.40520851199318741
3 5.39029718769798905
4 14.93845246985353015
5 9.46141514340077805
6 20.31482474596415955
7 14.64952806885315795
8 24.32897009543111722
9 22.58828812742039105
10 18.42402975609844873
11 33.64517532619778706
12 18.41187530581265719
13 -1.72413126605657752
14 20.28539480873825340
15 32.90089978958472017
16 7.76951171322160405
17 9.46157762817312431
18 5.64316655539694523
19 26.60679669621613641
20 25.33576174338723774
21 11.17070396235061480
22 16.73849627413083141
23 5.04041917949133023
24 23.81213051113682155
25 24.20343081343646219
26 14.77046168079791499
27 0.11458482868407316
28 -1.07863243993909919
29 27.05555685698657697
30 13.42004627925431492
31 22.74300841983400545
32 19.34787632373405586
33 14.45178257878743011
34 14.08891627904334598
35 30.21623096288313803
36 17.46334637905596310
37 9.17151255590312076
38 54.41415178849803169
39 16.05781755178571757
40 13.41640786499873528
41 27.05295287933989812
42 7.10948761157530384
43 20.78319973497184492
44 7.10841712190121555
45 20.34852717514323217
46 21.81236786772429070
47 32.24358486097493426
48 0.88038122715424549
49 36.07106996410044530
50 15.24742584762852715
51 13.19535367177298468
52 15.33217007848546132
53 8.94427190999916277
54 21.99553864034340478
55 13.22849739208552933
56 10.14409182591608527
57 16.70318595144256335
58 2.87076642951279837
59 5.67424706091512121
60 3.32074715518962416
61 10.85429350676114524
62 18.16358768942910729
63 4.46761247141310491
64 65.92668863918063948
65 57.33119821572613262
66 42.87380482547335703
67 51.62839568571625648
68 18.71674095544894101
69 18.74665962063409808
70 5.23009355522945896
71 6.16918792673465788
72 9.55859234479670050
73 12.76912143917081011
74 11.34914720596503201
75 20.08235549775355366
76 5.56915564184429712
77 3.32015727716023434
78 25.14707827490205005
79 16.84197229838497378
80 1.71746478329703223
81 23.22061326712012885
82 23.44007072188167484
83 13.81373712806025189
84 32.54407193948473065
85 27.99398620011821492
86 49.05570285559203825
87 21.91861438654334648
88 12.60947146381899842
89 2.67993438752541380
90 7.07106781186547551
91 5.23943317932480568
92 0.04903455252290456
93 4.72579152483343989
94 23.94766222502346054
95 6.12227876125572124
96 7.22274294368145320
97 10.19453613453347884
98 7.00054941033295375
99 8.54300961541658310
100 3.86175494639858741
