1 0.03285403044168334
2 10.62454029999096861
3 -1.16899980856115349
4 14.72646230145315371
5 12.46004718114610910
6 20.31482474596415955
7 16.73844054271359028
8 8.83046751856416279
9 16.68042795023305302
10 18.42402975609844873
11 25.02603368596292910
12 10.33421373856279502
13 0.37881359084654775
14 23.86014024022205149
15 22.67328817387547701
16 17.12230222134009239
17 15.75080104907206646
18 5.64316655539691681
19 24.99487436344935531
20 31.62277660168379612
21 13.70649413328611033
22 17.80716391303785429
23 37.05289098207033760
24 21.00777076650889796
25 18.32902949409645998
26 14.77046168079791499
27 0.18486144410054806
28 0.54409977762963990
29 20.12766125274316664
30 15.14395096210085967
31 17.42732563793626355
32 11.98876086649947581
33 14.49720233429442828
34 2.04509258921967785
35 40.91398284800948204
36 34.28586922917311597
37 10.63311275098219255
38 39.09053621678979340
39 11.74958915663093251
40 13.41640786499873528
41 25.58315075807799133
42 9.75223884021153253
43 23.86049305503865270
44 13.33651901129532291
45 21.99046846371738440
46 29.80886603399210344
47 19.46416760743842644
48 5.95120237393952323
49 26.10481635692832469
50 13.87665184311943278
51 14.21636938091958768
52 15.33217007848546132
53 8.94427190999916277
54 26.64148532124990254
55 26.19819578855346265
56 11.94301123453206515
57 14.37021611480007266
58 0.85985685249646338
59 5.67424706091512121
60 2.14506974057390210
61 11.25268565898289808
62 26.78272932966396525
63 20.83515507617342166
64 54.45457849480716561
65 57.86572851290353015
66 45.32844379991249184
67 16.82885520116410305
68 16.44859015674711600
69 13.35839437187729573
70 1.40676169378062355
71 3.41192658636248325
72 5.25036394964190833
73 10.75821186215446801
74 12.93607644618062125
75 23.74589659080206161
76 7.51726764944899628
77 2.82723849341496702
78 28.71588112279414418
79 27.36337295033227690
80 0.42059153340672140
81 26.81411831482401453
82 24.89722681254642112
83 11.25268565898289808
84 30.42836152183606657
85 23.13536181507204503
86 35.24268011464913286
87 30.04316201220439808
88 15.83624177185630799
89 2.87222484055093474
90 7.07106781186547551
91 5.88780880699452780
92 4.08325170733306209
93 3.50738925071975416
94 20.85571773012287622
95 5.83847465050416758
96 7.22274294368144609
97 5.85065672087464606
98 5.45536233300998674
99 11.63495411031716742
100 5.65685424949239746
