1 2.28827562672466911
2 10.62454029999096861
3 5.94681725801307337
4 14.72646230145315727
5 10.44066373696702499
6 20.31482474596415955
7 14.64952806885315795
8 22.49949668855943941
9 16.68042795023306013
10 18.42402975609844873
11 25.02603368596292199
12 6.14425682328000278
13 0.09111766745922978
14 18.94054251840294967
15 27.22938871906487179
16 16.56410050077267471
17 15.12257505182434159
18 5.64316655539691681
19 26.27170300303911432
20 25.96979704124592558
21 13.70649413328611033
22 24.70640015493930619
23 30.15365474016888570
24 15.79359428174207380
25 18.32902949409646354
26 14.77046168079791499
27 0.18486144410054806
28 4.73405669291244635
29 24.67359394486394208
30 15.14395096210085967
31 17.42732563793626355
32 15.38631883065436057
33 14.49720233429442828
34 3.50236201300790384
35 40.91398284800947494
36 34.28586922917310886
37 10.00488675373446767
38 38.24922867766667878
39 11.74958915663092895
40 13.41640786499873528
41 32.48238699997943968
42 3.75582998403761792
43 24.87508783342993723
44 18.71105549109397970
45 21.99046846371738440
46 18.85697533510499113
47 15.47020049674048892
48 5.95120237393955165
49 26.10481635692828917
50 19.37627057385577700
51 14.21636938091958768
52 15.33217007848546132
53 8.94427190999916277
54 30.45276458974155886
55 26.19819578855345910
56 11.94301123453206515
57 26.89947655767736023
58 1.29905978411313328
59 5.67424706091512121
60 2.26213164377391251
61 13.27206910316198929
62 26.78272932966397235
63 20.83515507617341456
64 54.45457849480717272
65 57.86572851290353725
66 43.07302220362949896
67 23.72809144306556917
68 17.16096447056887087
69 13.35839437187729573
70 3.66218329006360932
71 3.41192658636247614
72 5.25036394964189412
73 3.85897562025301255
74 12.49687351456395845
75 16.84666034890062392
76 12.06320034156975396
77 2.89751510883144192
78 22.64240239146867495
79 15.80764715802213161
80 1.71746478329703223
81 20.60212527026591545
82 24.89722681254641401
83 11.25268565898289808
84 30.42836152183605947
85 23.76358781231977702
86 35.41596735391730277
87 16.78700271432314395
88 17.92515424571674032
89 2.75516293735093143
90 7.07106781186547551
91 5.25958280974681713
92 5.81125594170489990
93 3.50738925071973995
94 20.85571773012287622
95 5.83847465050415337
96 7.22274294368145320
97 6.57755557587861261
98 6.46850281155697360
99 11.63495411031716742
100 5.65685424949238325
