1 5.70727076053779214
2 14.09398900172650215
3 10.82737392437483592
4 14.93845246985353015
5 10.08488673309892647
6 13.96767137137284465
7 8.30237469426184305
8 5.67177579015786293
9 20.64887149665279509
10 10.48288930033205091
11 32.51619940841891321
12 17.85850699803314257
13 -3.62803668161236459
14 20.56463081345836486
15 31.06556623353118596
16 24.58070275934314708
17 11.00846784712677362
18 11.99031992998825658
19 25.43343601659994135
20 17.89033519983222220
21 10.23704543155056967
22 17.98337431519755825
23 6.14101584480459550
24 16.06147930839140514
25 23.10283414812319691
26 15.39290070133127664
27 0.11458482868408737
28 0.02889213186380246
29 33.15240925726582333
30 14.76577336226614179
31 19.60650734934590744
32 20.89476654268774780
33 17.68964169287303179
34 17.32677539312891923
35 24.81645981773701948
36 15.46512700972820653
37 11.89974108150989629
38 51.93959377677408185
39 12.69284779468990365
40 14.03884688553209692
41 27.98661141013994325
42 7.45226335070901769
43 21.96453804162497292
44 9.30373912890506460
45 22.49010649583387789
46 35.36362041642338028
47 38.97421644753937642
48 2.42727144610793744
49 30.96512820752626283
50 17.74525862210962757
51 14.75875153491256597
52 15.33217007848546487
53 8.32183288946580113
54 29.16454596124250287
55 17.40567764930951711
56 10.76653084644945224
57 16.85295234147210408
58 2.24832740897943495
59 5.67424706091512476
60 3.53667855187734759
61 17.02768762568632610
62 27.23370406297438251
63 2.83189009654988411
64 71.12146255166435083
65 31.53681937149378811
66 40.01196447901576647
67 50.81618518558808262
68 13.31696981030282600
69 21.39082918696394486
70 7.56957834221029557
71 32.93327508635083234
72 9.55859234479669695
73 12.14668241863745024
74 11.97158622649839899
75 18.83747745668682683
76 7.26343283018414709
77 6.45177762360454210
78 21.21213790568334190
79 7.27757880824084324
80 4.17799196624740432
81 19.75307217725521269
82 32.53565513566879019
83 15.87632192294728917
84 21.50173782261898126
85 18.46889196588811188
86 28.89281169416557304
87 22.70250652731385799
88 22.09312590889841132
89 4.64688660419306032
90 7.07106781186547551
91 5.23943317932480568
92 1.46039783891542641
93 4.72579152483343989
94 21.35496063197781069
95 8.71498035430136930
96 9.95097146928823229
97 11.24597754981650155
98 6.21265771363857766
99 11.13571120846222762
100 2.68041663974545941
