1 3.70873787072032712
2 12.11985503372488537
3 16.13992246850331469
4 14.72646230145316437
5 8.87532974579204392
6 19.62299522627470338
7 13.95769854916370178
8 22.59157513351933133
9 17.85377337286825039
10 20.46946355833065923
11 33.21549681773127816
12 12.26495276303381488
13 0.37881359084654775
14 19.89080637909205151
15 24.72256907741691023
16 21.77128711438139419
17 15.32777015522985664
18 5.64316655539694523
19 27.32879074926438179
20 30.06066464571034658
21 12.21117939955219711
22 16.13534353069106686
23 36.27844259940201255
24 17.06840225908898390
25 18.32902949409647064
26 14.77046168079791499
27 2.23029524633275855
28 0.54409977762965056
29 25.94840192221084862
30 12.75260240002392109
31 18.11915515762571971
32 16.75509877079086607
33 12.79768329190694942
34 11.94439778262789531
35 41.01751429943296756
36 22.99388454894728184
37 9.83349513589705282
38 55.47503553702469503
39 14.18982541770760264
40 14.66128590606545856
41 24.85625190307398213
42 6.77843891634274343
43 19.82920849270407615
44 5.29316818838540826
45 22.33638322356211958
46 18.78174678527949126
47 25.68824753560665286
48 5.95120237393955165
49 28.15025015916050677
50 23.72890032973204555
51 11.75474420342618842
52 16.02399959817491748
53 7.69939386893243949
54 27.91629329859679842
55 26.19819578855348041
56 11.94301123453206515
57 29.10722543865322720
58 1.58675570750044415
59 6.36607658060457737
60 2.33736019359943725
61 15.52923261402643362
62 16.54783239566340569
63 9.54317039594758754
64 63.70112937280079279
65 58.17371748298354817
66 42.17873357938613310
67 15.16306732275573310
68 16.44859015674711600
69 14.12050050698321257
70 0.24796954769489332
71 1.40441857389498637
72 7.69060021071857491
73 11.48511071715845588
74 12.20917759117666179
75 22.97748071207216825
76 8.43294227471125524
77 3.32015727716024855
78 14.09890406713695654
79 8.57572430371722305
80 1.71746478329703223
81 18.66138887059888418
82 25.24314157239111367
83 11.59860041882763326
84 29.73653200214659620
85 23.24314991046772860
86 34.51894273082232445
87 13.08393909961334600
88 15.87972044348452982
89 2.67993438752541380
90 7.07106781186547551
91 5.24219903806761778
92 6.50308546139435606
93 3.93042014456198530
94 20.16388821043342006
95 6.57674834279293208
96 7.22274294368144609
97 6.57755557587860551
98 1.21487202534894578
99 11.63495411031716742
100 5.96193394455887926
