1 1.63443212311790376
2 6.68629150101524061
3 7.81348936191194099
4 14.93845246985353015
5 5.15065138119617050
6 20.00000000000000000
7 25.30787954482889646
8 21.57031790244856495
9 -4.96687677163399854
10 23.39279598234521274
11 29.41666441773538310
12 30.00000000000000000
13 5.73373770935047844
14 5.19623068954982159
15 25.18198277860677337
16 38.77520861576994804
17 13.99088921595208923
18 18.17206807583978900
19 28.29772464224565809
20 30.93856326749270380
21 -1.03911755372498504
22 37.91923274440316050
23 17.29421264482853360
24 11.33175920106924650
25 8.80736542191382910
26 22.36067977499789805
27 -1.04420731740166417
28 12.04921208956511691
29 34.51798367730672368
30 31.71713870341725539
31 24.07089424248251674
32 14.45973510621001168
33 40.28804689625654589
34 31.77518108567784338
35 36.21868798810749013
36 20.53392136180881522
37 12.44058152796598193
38 35.17940532196044501
39 -20.19908120574106647
40 22.36067977499789805
41 20.35446122626666465
42 -3.58560194553376732
43 17.82236126255294550
44 36.93529720463908461
45 23.41125041972216536
46 15.02587697849558168
47 33.07123980835642385
48 4.83636643320163984
49 35.37005330546061543
50 14.33987962533011995
51 15.80022728591972481
52 22.62741699796952233
53 8.94427190999915922
54 26.54122401817551236
55 54.26616869453147274
56 35.32012978148994620
57 35.70676677165124602
58 3.93378057764672917
59 14.40442481686984877
60 -2.67092747436496936
61 31.54477518819348347
62 23.51921896862986472
63 12.42632867168999411
64 63.55713031506762434
65 64.36468358368908582
66 41.98783179291188361
67 49.98989506698252683
68 13.12210051663458898
69 24.33105012119287736
70 0.24796954769489332
71 2.20238219767930588
72 8.91658463192385398
73 24.08721651411966036
74 13.36005678298136701
75 9.32372620623087300
76 12.96022167624036214
77 4.11992070544815192
78 3.49399172805195946
79 14.66471081398639242
80 8.21224732341931940
81 5.20722738249445172
82 25.25581371309286283
83 9.40451283207546851
84 13.37723645129993599
85 17.21629220540057048
86 25.16862419312461441
87 36.76955262170046979
88 17.62873901576180202
89 5.27935940109173174
90 5.74937363665474521
91 5.23943317932480568
92 13.21634063629212186
93 4.15246514310184978
94 24.08318915758459156
95 -1.40247995639091227
96 5.12479712445876601
97 -5.82961947618242249
98 6.15427822380318901
99 34.98571136907180090
100 11.31962392180564336
