1 4.58553878358743816
2 11.92737353713727799
3 11.79533168556560696
4 13.42362906430686564
5 9.54606880534951330
6 21.56094354524748979
7 15.89564686813648819
8 22.22186285449982179
9 19.25819194676323320
10 19.36178354219309838
11 22.76796408393260762
12 17.67259582011276109
13 1.17141911237516183
14 17.41319683651502714
15 33.33440017163096059
16 10.61320556193003029
17 15.92871780978039808
18 5.64316655539694523
19 27.59201881897477904
20 25.81919972344252656
21 12.40366089613980449
22 20.37101341341804073
23 31.06509982856509566
24 16.13081384807104612
25 17.02619625695017191
26 14.77046168079791499
27 2.23029524633275855
28 0.88131934395861933
29 26.44497735175899322
30 13.98223199489692092
31 15.07352682251537246
32 18.16871909605431767
33 10.98168455166960200
34 21.28474828922640683
35 27.11794181410702720
36 34.28586922917311597
37 10.43444279044759071
38 57.35169742505117085
39 15.41580983891290657
40 14.66128590606545856
41 28.84964275664403033
42 4.30082937376570840
43 19.21451973188375462
44 5.71619908222766071
45 21.36740906407572993
46 18.55051140974842383
47 14.13303478567044991
48 6.55215002849010375
49 32.34258397169226384
50 23.86126851338761767
51 12.98437379829918825
52 14.08605127920213107
53 7.69939386893243949
54 29.01323757283391558
55 25.40160362416473561
56 12.30092294433558209
57 22.97300388701621188
58 0.42077790721204167
59 4.42812826163179096
60 5.59061347485791771
61 12.92054523549617784
62 25.53661053038063500
63 20.83515507617342166
64 47.61586322549264594
65 57.76213731664118711
66 41.71351283286138312
67 21.24985107392238604
68 16.44859015674711600
69 11.07487217187286532
70 3.66218329006360932
71 0.00000000000000000
72 8.91658463192387529
73 9.73947462807748821
74 10.76948891717246681
75 20.12149288243249146
76 0.87208091106599639
77 3.32015727716024855
78 19.97754935655358821
79 14.57695796367310237
80 1.71746478329703223
81 20.34501942718065948
82 24.27416741290472402
83 10.62962625934123650
84 31.07353266656884472
85 24.58015057488997712
86 41.76039416148790195
87 17.66528459122421424
88 16.98740045962209066
89 0.02762876081748900
90 9.63750242708447402
91 6.03480455959625317
92 3.08771777007189030
93 3.93042014456198885
94 22.10183652940620647
95 4.63880002382014567
96 7.82369059823198398
97 4.61897225406158896
98 6.46850281155697360
99 11.63495411031716742
100 5.96193394455887926
