1 0.03285403044166912
2 11.13957772209203512
3 8.34665854191550238
4 14.21142487935209076
5 13.64427146601317986
6 19.32289091412260973
7 13.65759423701160813
8 23.62983392610933464
9 17.03148561506323944
10 18.42402975609844873
11 24.03409985412137928
12 6.12320747550164413
13 0.09111766745922267
14 25.24268113021307158
15 26.98699901716634741
16 16.90170385652569962
17 14.92425844670039226
18 5.64316655539694523
19 13.25491316407133091
20 28.19131449032666836
21 13.19145671118504737
22 16.49823640441988104
23 35.72567265260850888
24 28.98272807468033818
25 17.81399207199539703
26 14.77046168079791499
27 0.18486144410054806
28 6.01362304419049565
29 25.40701760646406626
30 13.80095946542912344
31 18.41925946977781336
32 20.93570777596613652
33 14.14614466946424187
34 11.41692949504908938
35 41.51172775100477708
36 29.92917657714931323
37 9.83349513589705282
38 42.92175582677434420
39 15.41580983891287815
40 13.41640786499873883
41 24.18906993260064908
42 3.52132327619566610
43 19.69387352224914878
44 12.91760404135698082
45 22.88994708816764856
46 18.55051140974842383
47 32.82683309259768833
48 5.14417895688060156
49 31.26853242601103489
50 22.38043895217474955
51 12.27563298125255642
52 16.32410391032701114
53 8.94427190999915922
54 17.09120718336691880
55 17.84560303859845831
56 14.66431038947125387
57 21.49092074778277350
58 0.56271336723673215
59 6.66618089275667103
60 3.37561898618945655
61 10.77546514131290678
62 27.77466316150551506
63 16.47846242414961893
64 54.45457849480718693
65 58.69989110273583321
66 45.32844379991250605
67 23.35748302040004987
68 16.44859015674711600
69 14.42060481913532044
70 -1.88720565524816664
71 2.22670633169999377
72 8.91658463192385042
73 10.46106837689475100
74 12.20314508723822655
75 22.41867826134022579
76 10.45362567323987690
77 2.82723849341496702
78 13.81800062507871729
79 13.93128715238626114
80 1.71746478329703933
81 18.66138887059888418
82 25.79670543699664265
83 11.34514086637419794
84 29.43642768999449899
85 23.22797566296011951
86 34.90728019184417974
87 22.41686751899305108
88 17.92515424571674032
89 0.83465217787644086
90 7.07106781186547551
91 5.23943317932480568
92 6.80318977354644971
93 3.52690843603252091
94 19.86378389828132640
95 6.87685265494502573
96 7.22274294368144609
97 5.84120915900222570
98 5.79952521856015579
99 11.63495411031716742
100 5.67700387991439470
