1 0.03285403044168334
2 10.62454029999096150
3 10.90811726264679749
4 13.78154077411040035
5 9.46919445599424137
6 21.04255281276689971
7 15.37725613565589811
8 22.17773461666824630
9 17.46693415196324395
10 18.42402975609844873
11 22.93657172610076600
12 15.85736141470623295
13 0.37881359084653354
14 17.41319683651503425
15 29.12023157758250136
16 17.24930943173868769
17 15.75080104907209488
18 5.64316655539691681
19 28.36116496290127031
20 25.96979704124592558
21 13.70649413328612098
22 25.88801524461278802
23 30.51715191679864603
24 14.69496330168536247
25 17.38410796675369596
26 14.77046168079791499
27 0.60750361242936890
28 0.54409977762963990
29 20.12766125274316664
30 15.50781499550222975
31 16.27695540280470254
32 17.64174042693734634
33 13.71069613256423736
34 12.43731656637319816
35 40.49134067968066120
36 34.28586922917311597
37 9.83349513589705282
38 38.75083535472813168
39 11.74958915663091119
40 13.41640786499873528
41 33.06381135069246824
42 4.03302350330725545
43 24.58739191004264413
44 19.73679449592044222
45 21.62660443031601076
46 18.55051140974842383
47 14.00896453412609333
48 5.95120237393953744
49 29.28645113847595383
50 20.08864488767753187
51 14.50995679890449708
52 14.60444201168272116
53 8.94427190999916277
54 29.50784306239880550
55 26.19819578855344133
56 11.94301123453206870
57 14.58220628320043488
58 1.58675570750043349
59 4.94651899411238105
60 4.98966582030738692
61 13.51581031733202565
62 25.69055650797848500
63 20.83515507617342166
64 51.27294371325952227
65 56.78563489318842983
66 45.32844379991249184
67 24.30951579377858707
68 16.94150894049239753
69 12.27830075216219541
70 1.40676169378062355
71 3.70551400434739264
72 5.25036394964188702
73 4.22247279688273380
74 11.26425606383390843
75 16.60996678656990611
76 2.30624475163207876
77 2.82723849341496702
78 19.53280551569963563
79 17.12370757458212722
80 1.71746478329703223
81 20.89571268825082484
82 24.53336277914504748
83 10.88882162558153155
84 31.15608958863880673
85 24.66270749695993914
86 35.62987810759144480
87 29.10427298880005864
88 17.92515424571674032
89 0.02762876081746413
90 10.25270259341311885
91 6.45783545343850562
92 3.35552364053032193
93 3.50738925071973995
94 21.58344579692561638
95 4.31112896861625217
96 7.22274294368144609
97 6.57755557587861972
98 6.46850281155697360
99 11.63495411031716742
100 4.74629752918799852
