1 0.03285403044168334
2 10.62454029999096861
3 4.78471471109445901
4 14.72646230145315727
5 11.85084604408925912
6 19.09642247185045960
7 13.43112579473945800
8 20.08882214280781398
9 16.07122681317618884
10 18.42402975609844873
11 23.80763141184922915
12 16.46426440314921535
13 0.91702982472170902
14 26.09168299288272408
15 19.49682389387206172
16 12.07998440347145674
17 14.90473926138761840
18 5.64316655539692391
19 28.78457823334461807
20 25.96979704124592558
21 13.70649413328612098
22 25.88801524461277381
23 26.85093123451666131
24 17.49104442741779053
25 18.32902949409646354
26 14.77046168079791855
27 0.18486144410054806
28 -0.39375003646501483
29 31.34845162539289021
30 14.53474982504400970
31 18.64572791204996349
32 17.64174042693734634
33 9.36939560491696710
34 11.94439778262788820
35 40.56161729509715030
36 23.94572549016975671
37 8.98743334821256923
38 49.69718981707625005
39 15.41580983891288170
40 13.41640786499873528
41 33.06381135069247534
42 9.98229661172940297
43 18.86796136498669085
44 5.29316818838540826
45 22.59966960077422726
46 18.55051140974842383
47 26.01460747654652295
48 5.95120237393955165
49 29.28645113847592540
50 17.61051327357428420
51 13.53689162844627702
52 16.55057235259916126
53 8.94427190999915922
54 28.86133841045070625
55 26.19819578855345910
56 11.94301123453206515
57 13.83199988092491139
58 2.12497194137559831
59 6.89264933502882116
60 4.98966582030740113
61 13.08028907015345510
62 28.00113160377766519
63 10.49501133717005530
64 61.61308745226290284
65 58.69989110273581900
66 45.32844379991250605
67 23.36459426643583370
68 17.73059343185326497
69 14.64707326140745636
70 1.40676169378062355
71 3.18696513358704436
72 8.91658463192385398
73 3.27755126953996623
74 11.67096135730149697
75 11.99882457694519644
76 7.48020062813485254
77 3.24988066174379497
78 12.65331567069717522
79 16.25452460149902834
80 1.71746478329703933
81 21.18905247220616417
82 25.50642794960324977
83 11.86188679603976226
84 29.20995924772235242
85 22.71657715604348482
86 38.89951696754154398
87 29.31626315720042442
88 17.92515424571674032
89 0.02762876081745702
90 7.07106781186547551
91 5.23943317932480568
92 7.02965821581860695
93 4.35345103840423064
94 19.63731545600917627
95 7.10332109721717586
96 7.22274294368145320
97 6.57755557587861972
98 6.42205863895765106
99 11.63495411031716742
100 6.50291603717687394
