1 0.03285403044168334
2 16.47959838038803326
3 12.79040767989509852
4 14.93845246985353015
5 8.43963796850680126
6 22.17530619310857531
7 21.42205536020870937
8 4.02334193694792930
9 8.17897559874008095
10 30.17860667309645351
11 26.02375907235975916
12 17.23606797749978625
13 -4.82346924992322812
14 14.04120160043669330
15 34.97528965797956602
16 11.04992446639479908
17 25.24175388139546072
18 15.99676188273121369
19 24.90481929687003770
20 37.63856593363502157
21 18.24452029230167938
22 28.12592586503036074
23 21.02047127540392069
24 11.39026362048478092
25 7.91956651407262768
26 16.01533972186463473
27 -2.85927546870216531
28 5.84901448491336851
29 37.96963752746144394
30 12.72086211858287896
31 27.42046535069675883
32 13.21955428508556452
33 12.65449754688323480
34 20.84566044298981069
35 33.99031342462139094
36 25.25833783718641712
37 16.53958129130749910
38 53.22344963452359679
39 13.10724406404149534
40 13.41640786499873883
41 20.74516808533844880
42 12.46485359033452767
43 22.96640056475931857
44 12.14834243380587253
45 24.13090198447957846
46 30.62948224874966741
47 29.67833446298080702
48 8.84113134382182864
49 38.67162834195870857
50 27.10381164783033370
51 28.69838900804282389
52 12.20562912529909028
53 8.94427190999915922
54 25.20064836253061102
55 26.63261934515816165
56 9.08566050717706020
57 21.81446012893694331
58 12.39215829456615126
59 0.55957873274359571
60 5.72760242805505015
61 16.33648445560227458
62 19.60578436688719961
63 18.39092596819205738
64 55.53113880319192219
65 46.36809728809987519
66 43.57736704978802322
67 41.47865942383909044
68 -0.08381275628045159
69 21.19321978503297998
70 3.63535260880190947
71 20.21101132906859732
72 14.98363288072126664
73 10.75821186215447511
74 13.36005678298137411
75 25.37418174209918220
76 6.75076623387676733
77 4.11992070544815192
78 26.27680715221011098
79 14.66471081398636045
80 9.55282297906421718
81 22.36441598550556620
82 21.96682712578223118
83 9.40451283207546851
84 26.57749008196337570
85 33.37000394597135511
86 41.64304367705639010
87 26.97624574232767714
88 14.27916790754755993
89 3.10405320798315643
90 -1.03643705409649556
91 5.23943317932480568
92 9.99422492871737944
93 -3.09363461172132759
94 23.94766222502345698
95 0.68467825554586170
96 8.51201190398340657
97 3.06251491035430234
98 7.72390305243456510
99 11.66955056860295770
100 4.07352416698246600
