1 0.10313064585814402
2 10.41255013159059217
3 9.75120556690365703
4 14.93845246985353015
5 12.46004718114612331
6 20.31482474596415955
7 14.64952806885315795
8 22.80596061391602802
9 16.68042795023305302
10 18.42402975609844873
11 36.48886920591341720
12 5.45373392082659336
13 0.09111766745922978
14 24.87328071876902413
15 21.44815752692812794
16 11.05308635090659664
17 15.12257505182434159
18 5.64316655539694523
19 14.80886748308861911
20 31.62083806834031918
21 13.91848430168648676
22 17.17119340783673209
23 37.90085165567185044
24 18.41396650235896715
25 18.54101966249683642
26 14.77046168079791144
27 0.18486144410054806
28 4.02168237909067727
29 23.27069672858876004
30 15.14395096210085967
31 17.42732563793626355
32 11.92042278442649206
33 14.49720233429442828
34 11.94439778262790242
35 40.49134067968067541
36 34.28586922917311597
37 9.18841924351495720
38 50.91559209118996421
39 11.32560881983017254
40 13.41640786499873528
41 24.94718025287686913
42 10.76537931875850518
43 19.69387352224914878
44 5.29316818838540826
45 21.99046846371738440
46 18.55051140974842383
47 26.91618612155662049
48 5.96805226907387976
49 26.08796646179396816
50 20.08864488767753187
51 14.21636938091958768
52 15.33217007848546132
53 8.94427190999916633
54 28.04438253752505261
55 26.19819578855347686
56 11.94301123453206515
57 27.11146672607773667
58 1.29905978411312617
59 5.67424706091512121
60 2.56859556913047982
61 11.26953555411722618
62 15.31989380971347714
63 20.83515507617342166
64 54.45457849480716561
65 57.86572851290353015
66 45.25816718449603115
67 16.19288469596296665
68 16.44859015674711600
69 13.35839437187729573
70 1.47703830919708423
71 3.41192658636248325
72 4.82638361284114836
73 10.97020203055483734
74 12.92085385136471132
75 24.38186709600319801
76 12.06320034156975396
77 3.32015727716024855
78 15.60326383812385131
79 13.19416589700634290
80 1.71746478329703223
81 20.60212527026591545
82 24.89722681254638559
83 11.25268565898290518
84 30.41151162670172425
85 23.91812953502285666
86 40.92698150378338084
87 16.78700271432315105
88 17.92515424571674032
89 2.46554890712870645
90 7.07106781186547551
91 5.23943317932480568
92 4.37094763072038006
93 4.15246514310183557
94 20.85571773012287622
95 5.88491882310347592
96 7.22274294368144609
97 6.57755557587860551
98 6.42205863895765106
99 11.63495411031716742
100 5.67700387991439470
