1 5.29279782986793634
2 11.03498915212396625
3 6.85447390808806034
4 14.72199392942897589
5 10.99229390306846454
6 19.51945336569271205
7 16.58814505482426682
8 20.08882214280780687
9 16.28274226009732217
10 18.42402975609844873
11 24.23066230569147450
12 9.90410303360540922
13 1.69990236531401706
14 23.79597655659367206
15 12.93297003145718804
16 14.31250159266833322
17 15.32777015522985664
18 5.64316655539694523
19 29.20760912718686342
20 26.43117088433052686
21 13.91848430168647610
22 15.91115728208536240
23 34.87669645063205337
24 23.34351524470788775
25 18.32456112207228216
26 15.39290070133127486
27 0.18486144410054806
28 3.59157167413330569
29 20.12766125274318085
30 14.74626527196513592
31 18.22269701820771104
32 14.92494498756974508
33 14.89488802443015203
34 15.19429983510801208
35 28.65533921046178989
36 23.73421004324864469
37 9.83349513589705282
38 51.28332151557177099
39 15.82625869104588645
40 13.41640786499873528
41 24.00515826191072932
42 22.21962854649150643
43 18.79466356218790679
44 5.29316818838540826
45 22.38815415385311169
46 18.55051140974842383
47 25.80309202962538961
48 5.95120237393956586
49 26.10481635692826075
50 19.45166245681349437
51 13.74840707536740325
52 16.12754145875690881
53 8.32183288946580291
54 24.30127247102673493
55 26.19819578855346265
56 11.94301123453206515
57 24.83319583393083008
58 1.81987870015452557
59 6.46961844118656870
60 4.98966582030739403
61 13.51581031733200433
62 27.57810070993541984
63 10.28349589024895749
64 65.00623768073165820
65 58.69989110273583321
66 40.06850000048623883
67 14.93284857021161116
68 17.15584920302761418
69 14.22404236756520390
70 3.66218329006361643
71 2.97544968666590393
72 9.32703348405686228
73 11.71823370981253731
74 11.97158622649838833
75 21.56970205936377738
76 9.69732944823410747
77 2.82723849341496702
78 27.42763182431776414
79 14.65296858176070316
80 0.31456756702186794
81 20.13416296471373101
82 25.29491250268210578
83 11.65037134911863248
84 29.63299014156460487
85 23.13960804988573727
86 38.53967532079148128
87 18.20971159328258437
88 15.19116587947418395
89 0.02762876081746413
90 7.07106781186547551
91 5.23943317932480568
92 1.76662899560439257
93 3.93042014456199240
94 21.38420098306172434
95 6.68029020337492341
96 7.22274294368144609
97 5.48958979406522474
98 4.54938309651085149
99 10.31109947710687180
100 7.28578857776917488
