1 0.03285403044166912
2 10.62454029999096150
3 4.64979127369857537
4 14.72646230145316082
5 12.11763611576384392
6 19.63000261519960787
7 13.96470593808860627
8 11.82385350866191231
9 16.33801688485077008
10 18.42402975609844873
11 24.34121155519837743
12 17.96179573623200554
13 0.31953485716439900
14 19.67180882176682388
15 26.70890815761251247
16 17.91965204470191608
17 15.35099224152951081
18 5.27081143204449631
19 26.95652513380365889
20 31.62277660168379256
21 13.70649413328611743
22 25.09580515198822326
23 30.36444048208041835
24 17.19649149801723809
25 18.32902949409646709
26 14.77046168079791499
27 0.18486144410054806
28 0.54409977762964701
29 26.73417726787823767
30 14.80153989671858383
31 18.11214776870081522
32 11.98876086649949357
33 10.30724541901163605
34 6.57616752415453476
35 40.49134067968066830
36 34.28586922917311597
37 9.43368632835446164
38 43.43044298884744592
39 11.74958915663091830
40 13.41640786499873528
41 32.27160125806791768
42 2.91681824487834973
43 19.46545633254398666
44 17.97978918773011259
45 22.33287952909965668
46 28.93184620194491430
47 15.38615067903354827
48 5.95120237393952323
49 26.10481635692832469
50 12.23876913492731688
51 13.87395831553731185
52 16.01699220925001299
53 8.94427190999916277
54 29.06125722304363990
55 26.19819578855346265
56 11.94301123453206515
57 14.42949484848222141
58 0.85985685249646338
59 6.35906919167967288
60 4.98966582030738692
61 11.59509672436517036
62 27.46755146042851692
63 20.83515507617342166
64 54.45457849480716561
65 58.55055064366807471
66 45.32844379991250605
67 23.51730570115402941
68 17.59355408119395747
69 14.04321650264185450
70 1.40676169378060933
71 3.06951552098022518
72 5.25036394964188702
73 4.06976136216452744
74 12.93607644618063546
75 16.45725535185170685
76 2.30624475163206455
77 3.32015727716025921
78 21.69797047259053357
79 20.62555410130303102
80 0.31456756702187505
81 26.96462603318700957
82 25.61199300128111389
83 11.59509672436517747
84 29.74353939107151490
85 23.93497943015719187
86 35.18755016421212645
87 29.92460454484010768
88 17.92515424571674032
89 0.02762876081746413
90 7.07106781186547551
91 5.77301332267393974
92 6.94233105261135819
93 3.90719805826233113
94 20.17089559935832455
95 6.56974095386802759
96 7.22274294368144609
97 5.90993545455679481
98 4.38168496426386511
99 11.63495411031716742
100 5.37184092627042986
