1 5.29279782986793634
2 12.43231467231949949
3 9.82816187257802198
4 12.91868792912464414
5 7.25955789631641579
6 21.82779767075084365
7 17.62125559272127617
8 19.91015261052942265
9 19.30665589449345276
10 20.46946355833065923
11 23.03481820943596858
12 16.90950409820310441
13 -2.36464547474243147
14 19.79536774879508698
15 34.42938705369800800
16 21.00694654994711286
17 16.48729687487173123
18 5.64316655539694523
19 28.01176503093135750
20 28.47660468656273736
21 11.89871976095758299
22 16.24074401224137887
23 37.81081522537175488
24 16.08128594563059011
25 16.52125512176795041
26 14.77046168079791499
27 2.23029524633275855
28 -0.16315926865084407
29 25.47139400049521996
30 14.03069594262714048
31 13.86891891091736895
32 14.90908610135551982
33 9.82554058780181805
34 19.18135975135332316
35 28.12891761216050313
36 30.78168082785947490
37 10.69864527574127777
38 54.41094744767976010
39 12.29542270810068771
40 13.41640786499873883
41 25.22431449064958997
42 6.68300028604577534
43 18.59524693653771976
44 6.09769488867965492
45 21.81751142551355827
46 18.55051140974842383
47 18.67623157410893953
48 7.40510567337906878
49 29.87798164126863298
50 22.92351472729296802
51 13.03283774602941136
52 13.81919715369877721
53 8.94427190999915922
54 29.82585719718402828
55 25.40160362416473561
56 12.80586407951780359
57 19.49584609266909752
58 3.98024398330869644
59 4.16127413612843711
60 3.55251825447054159
61 15.81810802301308172
62 26.72851100395871526
63 17.33096667485978060
64 52.73169831234095284
65 56.65445730050362272
66 42.11393380271844933
67 18.12946394311016718
68 17.15584920302761418
69 9.87026426027486181
70 5.37209133777975367
71 -0.04846394773022666
72 5.79619750111165644
73 13.86974402925415006
74 11.34029224225247390
75 23.24188001324471031
76 1.52350728171733252
77 3.32015727716024855
78 23.19968941150475317
79 16.93718001861881461
80 1.71746478329703223
81 21.73165813086259135
82 23.84636377035539567
83 10.79057577638721455
84 30.19827830279135128
85 23.70489621111248368
86 34.68631245166940857
87 16.48798942740763351
88 16.46639964663530620
89 2.91867962609383369
90 7.07106781186547551
91 5.23943317932480568
92 0.70554685779181625
93 4.22479672435964915
94 23.08251208517923914
95 4.37194589831679181
96 8.08789308352567105
97 11.71450291727583704
98 2.85711859377039090
99 10.92113268004748861
100 7.55366137881571831
