1 2.28827562672466911
2 10.73056426637582206
3 10.06921970168889402
4 14.62043833506830026
5 8.41114249990944529
6 22.10060476885170999
7 16.43530809174070839
8 9.76676608429349358
9 17.57331796167682825
10 18.42402975609844873
11 26.81181370885047954
12 6.72598888364299086
13 0.37881359084654775
14 17.41319683651504135
15 29.22625554396735481
16 16.44969181665352664
17 15.41027097521165956
18 5.64316655539691503
19 24.48592298015155677
20 29.43569308747379409
21 13.60047016690126043
22 24.34290297830958139
23 30.51715191679862471
24 19.01893633004949891
25 18.22300552771160653
26 14.77046168079791499
27 0.18486144410054806
28 0.54409977762963990
29 20.27385664466828530
30 16.03684097354463489
31 15.64154561504871310
32 11.92042278442648495
33 13.60431232285065306
34 11.94439778262790952
35 40.91398284800948204
36 34.28586922917311597
37 9.83349513589703861
38 45.21622301173501057
39 11.85561312301577175
40 13.41640786499873528
41 32.11888982334971843
42 4.30082937376572971
43 19.52058628298098597
44 18.33821246597518950
45 21.09757845227360917
46 28.87256746826275844
47 19.97311899073622499
48 5.95120237393953744
49 26.10481635692831048
50 18.33647667106172463
51 15.10925939236336291
52 13.54639005559791087
53 8.94427190999916277
54 28.52429579132444815
55 26.19819578855346265
56 11.94301123453206515
57 27.08114851467979634
58 0.85985685249646338
59 3.88846703802757077
60 4.98966582030737982
61 13.51581031733201144
62 24.99694930677641480
63 20.83515507617342166
64 54.45457849480716561
65 56.07994849001598681
66 43.07302220362950607
67 23.36459426643583015
68 18.20075837336292324
69 11.57261434898974528
70 3.66218329006360932
71 4.30481659780625137
72 5.35638791602674758
73 4.43452072965244781
74 12.72402851341091434
75 17.21015752553034872
76 14.77853518504579711
77 2.89751510883144192
78 19.49299393348808707
79 12.68415869217493253
80 0.31456756702186794
81 21.49501528170969067
82 24.00433680110264234
83 10.35979564753912641
84 32.21414154472361702
85 25.72075945304474942
86 37.02846013753668331
87 17.22620564593984227
88 17.92515424571674032
89 0.02762876081746413
90 7.07106781186547551
91 6.45783545343850562
92 3.08771777007184056
93 3.50738925071975416
94 22.64149775301042666
95 4.09913880021592547
96 7.22274294368144609
97 5.85065672087462474
98 6.42205863895765106
99 11.63495411031716742
100 4.74629752918801273
