1 0.03285403044166912
2 10.62454029999097216
3 7.87786307561240662
4 14.72646230145315016
5 13.18026172017133035
6 19.78690065996445924
7 14.12160398285345764
8 23.23320071586138624
9 18.86205674238789243
10 18.42402975609844873
11 31.35096744398829571
12 7.76881649400409913
13 0.09111766745922978
14 17.41319683651504135
15 29.12023157758250491
16 17.11260614354527831
17 15.12257505182434159
18 5.64316655539694523
19 28.53278996300342385
20 31.69111468375679408
21 13.70649413328611033
22 15.27531314547957209
23 35.91852106734670258
24 20.38086337395137804
25 18.32902949409645643
26 14.77046168079791499
27 1.78342769850428340
28 0.54409977762965411
29 20.27385664466827109
30 14.03296433835005530
31 16.35668346953222851
32 18.27745249332774335
33 12.31557354213958888
34 2.83304345130967761
35 43.99552908099431647
36 23.68324572991554078
37 9.83349513589705282
38 43.24377491572505505
39 15.41580983891288525
40 13.41640786499873528
41 23.99622151786244473
42 1.33706303952028804
43 19.69387352224914878
44 20.42506924610430019
45 23.05457542549466154
46 18.55051140974842383
47 23.79488714089937673
48 1.33536147251108162
49 35.91889482117230159
50 22.92351472729296802
51 11.02567281659334242
52 15.86009416448516163
53 8.94427190999916277
54 26.64148532124988833
55 26.19819578855343778
56 11.94301123453204383
57 14.37021611480007266
58 2.44678609271203129
59 6.20217114691482152
60 3.57393559131342187
61 11.65534502132930328
62 20.45779557163859863
63 10.23253157691584647
64 59.85896443124920552
65 58.69989110273583321
66 45.32844379991250605
67 14.29700443360581730
68 16.44859015674711600
69 10.86327374273506052
70 0.24796954769490753
71 0.39613520437534078
72 8.91658463192385398
73 12.34514110237004303
74 11.34914720596503201
75 22.61152667607842659
76 12.44696879397361045
77 3.32015727716024855
78 26.38889864420376341
79 15.95220616619282339
80 1.04749892596421645
81 19.94888422280531870
82 25.36638395895174369
83 11.31145259857724739
84 29.30548762046444011
85 22.81210552878557252
86 34.29309345254567631
87 28.16853684860153351
88 17.92515424571674032
89 1.03296878300042039
90 7.07106781186547551
91 5.23943317932480568
92 6.33918002770460021
93 3.72522504115647735
94 20.32779364412317591
95 6.41284290910317623
96 7.22274294368144609
97 7.72528188447751063
98 6.46850281155697360
99 11.63495411031716742
100 5.67700387991439470
